3.778294761867351917e+04
5.878737109374841339e+02
1.671704498219718005e+02
7.770559922772399375e+01
4.471762596662527756e+01
2.901721411206949952e+01
2.033828599937709569e+01
1.504196055295917311e+01
1.157416335288070464e+01
9.180690760999171474e+00
7.459597397509467598e+00
6.180736630778886465e+00
5.204624295078084550e+00
4.442727845973336365e+00
3.836660479623787090e+00
3.346652599610770551e+00
2.944857296460922758e+00
2.611304817389869193e+00
2.331372448631434668e+00
2.094154141496660682e+00
1.891381957585595019e+00
1.716695762282503424e+00
1.565138345056533264e+00
1.432799812399379702e+00
1.316562865226097889e+00
1.213917529458438560e+00
1.122824511047225027e+00
1.041613119317423175e+00
9.689041138439533629e-01
9.035507551009268612e-01
8.445933107175663812e-01
7.912236183647650689e-01
7.427572425868345096e-01
6.986114211443723576e-01
6.582874648436991549e-01
6.213566119300321100e-01
5.874485832989780887e-01
5.562422648741000009e-01
5.274580770195562707e-01
5.008516907193295564e-01
4.762088255617452082e-01
4.533409218018593090e-01
4.320815225940912718e-01
4.122832362721196020e-01
3.938151747738261044e-01
3.765607847878723047e-01
3.604160042887803450e-01
3.452876898419192098e-01
3.310922701615800490e-01
3.177545894730443021e-01
