2.899999999999999800e-03
2.324897959183673535e-02
4.359795918367347090e-02
6.394693877551020644e-02
8.429591836734694199e-02
1.046448979591836775e-01
1.249938775510204131e-01
1.453428571428571625e-01
1.656918367346938981e-01
1.860408163265306336e-01
2.063897959183673692e-01
2.267387755102041047e-01
2.470877551020408402e-01
2.674367346938775758e-01
2.877857142857143113e-01
3.081346938775510469e-01
3.284836734693877824e-01
3.488326530612245180e-01
3.691816326530612535e-01
3.895306122448979891e-01
4.098795918367347246e-01
4.302285714285714602e-01
4.505775510204081957e-01
4.709265306122449313e-01
4.912755102040816668e-01
5.116244897959184579e-01
5.319734693877551379e-01
5.523224489795918180e-01
5.726714285714286090e-01
5.930204081632654001e-01
6.133693877551020801e-01
6.337183673469387601e-01
6.540673469387755512e-01
6.744163265306123423e-01
6.947653061224490223e-01
7.151142857142857023e-01
7.354632653061224934e-01
7.558122448979592845e-01
7.761612244897959645e-01
7.965102040816326445e-01
8.168591836734694356e-01
8.372081632653062266e-01
8.575571428571429067e-01
8.779061224489795867e-01
8.982551020408163778e-01
9.186040816326531688e-01
9.389530612244898489e-01
9.593020408163265289e-01
9.796510204081633200e-01
1.000000000000000000e+00
