# doping	kf	T	Mabs	Mabs_err	Chi	Chi_err	Tau
0.1	0.1	1	1	nan	0	nan	nan
0.1	0.1	1.36667	1	nan	0	nan	nan
0.1	0.1	1.73333	1	nan	0	nan	nan
0.1	0.1	2.1	0.999995	6.98764e-06	4.70568e-06	6.65433e-06	41.9989
0.1	0.1	2.46667	0.999978	1.34304e-05	1.82159e-05	1.08853e-05	34.122
0.1	0.1	2.83333	0.999945	1.99714e-05	3.8598e-05	1.40844e-05	31.001
0.1	0.1	3.2	0.999816	3.43571e-05	0.00011482	2.1406e-05	27.3076
0.1	0.1	3.56667	0.999542	5.92044e-05	0.000259056	3.41865e-05	32.2457
0.1	0.1	3.93333	0.998935	9.55911e-05	0.000544547	4.97704e-05	36.2625
0.1	0.1	4.3	0.997912	0.00013971	0.00100044	7.27535e-05	38.5669
0.1	0.1	4.66667	0.996562	0.000171673	0.00152517	8.27916e-05	35.1967
0.1	0.1	5.03333	0.994637	0.000220154	0.00222487	0.000101871	36.7886
0.1	0.1	5.4	0.992002	0.000272168	0.00319565	0.000129173	36.487
0.1	0.1	5.76667	0.988517	0.000328969	0.00438631	0.00015976	36.3668
0.1	0.1	6.13333	0.983646	0.000425345	0.00630617	0.000298112	39.9995
0.1	0.1	6.5	0.977593	0.000498014	0.00824981	0.00032083	39.4837
0.1	0.1	6.86667	0.971338	0.0415931	1.6493	1.40689	214195
0.1	0.1	7.23333	0.962902	0.0408269	2.05937	0.588736	147077
0.1	0.1	7.6	0.953185	0.0305298	1.89016	0.399395	61760.9
0.1	0.1	7.96667	0.940366	0.0240142	1.84305	0.183578	27932.7
0.1	0.1	8.33333	0.926443	0.0232761	1.76089	0.102367	20007
0.1	0.1	8.7	0.9104	0.0168747	1.59323	0.0925835	8064.7
0.1	0.1	9.06667	0.894129	0.0184477	1.52398	0.0641778	7907.78
0.1	0.1	9.43333	0.872862	0.0136807	1.41286	0.039984	3487.1
0.1	0.1	9.8	0.851435	0.0130067	1.31437	0.0318706	2580.22
0.1	0.1	10.1667	0.822182	0.0112364	1.19664	0.0260634	1541.24
0.1	0.1	10.5333	0.795989	0.0111695	1.09861	0.0239353	1309.7
0.1	0.1	10.9	0.770533	0.0105291	1.0047	0.0218549	1043.75
0.1	0.1	11.2667	0.739698	0.00951035	0.914855	0.0180204	764.281
0.1	0.1	11.6333	0.710961	0.00924398	0.832817	0.0165768	662.647
0.1	0.1	12	0.684877	0.00841081	0.758785	0.0144546	521.008
0.1	0.18	1	0.999995	6.98764e-06	9.88194e-06	1.39741e-05	41.9989
0.1	0.18	1.36667	0.999954	1.73563e-05	6.76348e-05	2.53795e-05	27.7012
0.1	0.18	1.73333	0.999781	4.12571e-05	0.000253917	4.81847e-05	32.8731
0.1	0.18	2.1	0.998824	9.98165e-05	0.00113501	9.94475e-05	35.5307
0.1	0.18	2.46667	0.996636	0.000171087	0.00279209	0.000153551	36.1254
0.1	0.18	2.83333	0.993033	0.000248389	0.00519403	0.000233219	35.6354
0.1	0.18	3.2	0.986515	0.000363661	0.00937217	0.000337613	37.4819
0.1	0.18	3.56667	0.976904	0.0377444	4.38658	1.21405	222218
0.1	0.18	3.93333	0.963727	0.0605569	4.02768	0.559464	329842
0.1	0.18	4.3	0.9455	0.0275747	2.75449	0.870664	41287.9
0.1	0.18	4.66667	0.921629	0.021232	3.08906	0.190908	15552.5
0.1	0.18	5.03333	0.89192	0.0173221	2.7614	0.0874257	6792.11
0.1	0.18	5.4	0.854827	0.0149444	2.3988	0.06717	3552.58
0.1	0.18	5.76667	0.813231	0.0125018	2.07379	0.0498178	1847.34
0.1	0.18	6.13333	0.762188	0.0103981	1.74894	0.03882	989.243
0.1	0.18	6.5	0.714269	0.00953132	1.49934	0.030689	718.535
0.1	0.18	6.86667	0.663533	0.00814752	1.26517	0.0237871	468.743
0.1	0.18	7.23333	0.617905	0.00737998	1.07188	0.0197327	366.36
0.1	0.18	7.6	0.577354	0.00693161	0.914385	0.0171085	316.255
0.1	0.18	7.96667	0.536688	0.00572446	0.77679	0.0129848	215.51
0.1	0.18	8.33333	0.508211	0.00520808	0.679996	0.0110312	180.668
0.1	0.18	8.7	0.475396	0.00469843	0.583455	0.0092356	152.034
0.1	0.18	9.06667	0.450928	0.00433601	0.51355	0.00799814	133.083
0.1	0.18	9.43333	0.430306	0.00402144	0.456355	0.00697382	118.726
0.1	0.18	9.8	0.412066	0.00376097	0.407717	0.00613431	108.306
0.1	0.18	10.1667	0.395215	0.00348005	0.365495	0.00535757	97.0144
0.1	0.18	10.5333	0.382145	0.00318844	0.332863	0.00465659	84.415
0.1	0.18	10.9	0.368778	0.00303139	0.301381	0.004184	80.2655
0.1	0.18	11.2667	0.357106	0.00299494	0.276075	0.00394382	80.8773
0.1	0.18	11.6333	0.349934	0.0027278	0.257847	0.00343087	68.9022
0.1	0.18	12	0.338127	0.00254965	0.234679	0.0030474	63.3255
0.1	0.26	1	0.998017	0.000130355	0.00404068	0.000280909	35.7453
0.1	0.26	1.36667	0.990809	0.000277326	0.0142665	0.000509393	33.529
0.1	0.26	1.73333	0.974691	0.0233513	2.68098	3.19017	71741
0.1	0.26	2.1	0.948218	0.04015	7.34109	0.572468	94212.4
0.1	0.26	2.46667	0.90224	0.0198098	5.72373	0.229227	9741.7
0.1	0.26	2.83333	0.839437	0.0203364	4.4147	0.185329	5572.62
0.1	0.26	3.2	0.757938	0.012255	3.35235	0.0826526	1319.71
0.1	0.26	3.56667	0.674669	0.0101365	2.49446	0.0581802	732.486
0.1	0.26	3.93333	0.597016	0.00790997	1.869	0.0381038	411
0.1	0.26	4.3	0.533224	0.00654193	1.42521	0.0274166	280.589
0.1	0.26	4.66667	0.478768	0.0054942	1.10308	0.0201905	204.981
0.1	0.26	5.03333	0.437504	0.00444052	0.877688	0.0144912	143.988
0.1	0.26	5.4	0.406217	0.00399334	0.720344	0.0117026	124.965
0.1	0.26	5.76667	0.382018	0.00349535	0.606033	0.00928851	102.384
0.1	0.26	6.13333	0.361352	0.0031596	0.517275	0.00766091	89.0561
0.1	0.26	6.5	0.343574	0.00277912	0.445514	0.00618039	73.8311
0.1	0.26	6.86667	0.328566	0.00257323	0.389713	0.00528508	66.94
0.1	0.26	7.23333	0.31755	0.00239316	0.348337	0.00457741	60.4252
0.1	0.26	7.6	0.308117	0.00225097	0.313269	0.00401657	56.1565
0.1	0.26	7.96667	0.298993	0.0021277	0.282939	0.00356098	52.3937
0.1	0.26	8.33333	0.293219	0.00203879	0.260671	0.00321951	49.7131
0.1	0.26	8.7	0.285492	0.00195518	0.237525	0.00290044	47.7218
0.1	0.26	9.06667	0.278583	0.00184614	0.218031	0.0025901	44.0626
0.1	0.26	9.43333	0.275433	0.00181982	0.204627	0.00242631	43.9301
0.1	0.26	9.8	0.270546	0.00168414	0.190538	0.00213746	38.7003
0.1	0.26	10.1667	0.266749	0.00164534	0.179116	0.00199493	37.6366
0.1	0.26	10.5333	0.262288	0.00163284	0.167296	0.00188869	38.2384
0.1	0.26	10.9	0.258608	0.00160877	0.157246	0.0017763	38.1147
0.1	0.26	11.2667	0.256937	0.00148915	0.150336	0.00158664	32.9777
0.1	0.26	11.6333	0.254757	0.00148987	0.143238	0.00152751	33.5083
0.1	0.26	12	0.252778	0.00147375	0.136694	0.0014518	33.318
0.1	0.34	1	0.728274	0.101969	8.42301	3.01804	57666.4
0.1	0.34	1.36667	0.613023	0.0363361	5.79322	0.51507	6793.31
0.1	0.34	1.73333	0.52036	0.0170762	3.53088	0.175318	1633
0.1	0.34	2.1	0.461721	0.00939123	2.364	0.075661	557.82
0.1	0.34	2.46667	0.412225	0.00642417	1.6449	0.0417659	300.131
0.1	0.34	2.83333	0.371431	0.00487882	1.18763	0.0261411	198.326
0.1	0.34	3.2	0.344684	0.0036698	0.91688	0.0166585	125.182
0.1	0.34	3.56667	0.325214	0.00295422	0.739169	0.0116298	88.3708
0.1	0.34	3.93333	0.306213	0.00262945	0.599475	0.00904811	76.9073
0.1	0.34	4.3	0.294362	0.00227925	0.509575	0.00699098	61.4873
0.1	0.34	4.66667	0.282259	0.00208401	0.433549	0.00571004	55.1944
0.1	0.34	5.03333	0.273955	0.00191587	0.380696	0.0047902	48.7066
0.1	0.34	5.4	0.266151	0.0017828	0.335055	0.0040478	44.6479
0.1	0.34	5.76667	0.261578	0.00166265	0.303896	0.0035019	39.8634
0.1	0.34	6.13333	0.257313	0.00159842	0.276366	0.00311729	38.1315
0.1	0.34	6.5	0.251193	0.00152746	0.249099	0.00276326	36.2882
0.1	0.34	6.86667	0.248473	0.00146434	0.231586	0.00249895	33.7079
0.1	0.34	7.23333	0.243633	0.00140636	0.211271	0.0022359	32.3824
0.1	0.34	7.6	0.242023	0.00135587	0.198456	0.00203983	30.491
0.1	0.34	7.96667	0.238863	0.00132438	0.184634	0.00188571	29.7579
0.1	0.34	8.33333	0.236532	0.00130237	0.173009	0.00175448	29.3836
0.1	0.34	8.7	0.233922	0.00126441	0.162198	0.00161974	28.257
0.1	0.34	9.06667	0.232923	0.00127158	0.15469	0.00156176	28.6198
0.1	0.34	9.43333	0.23064	0.00121845	0.145442	0.00142236	26.9822
0.1	0.34	9.8	0.229646	0.00119273	0.138915	0.00133578	26.013
0.1	0.34	10.1667	0.227798	0.00117388	0.131795	0.00125864	25.5878
0.1	0.34	10.5333	0.227263	0.0011635	0.126784	0.00120487	25.1481
0.1	0.34	10.9	0.22548	0.00113734	0.120478	0.00112792	24.4922
0.1	0.34	11.2667	0.224496	0.00112607	0.115616	0.0010775	24.1755
0.1	0.34	11.6333	0.223242	0.00111774	0.110857	0.00103241	23.9987
0.1	0.34	12	0.222153	0.00109765	0.106231	0.000975626	23.5002
0.1	0.42	1	0.278868	0.0172845	2.09941	0.233891	3245.04
0.1	0.42	1.36667	0.292372	0.00871438	1.64574	0.08655	807.791
0.1	0.42	1.73333	0.292301	0.0050415	1.27239	0.0386717	286.884
0.1	0.42	2.1	0.287519	0.00349266	1.0046	0.0216216	147.089
0.1	0.42	2.46667	0.27661	0.00276453	0.790693	0.0141122	99.9716
0.1	0.42	2.83333	0.265896	0.00219489	0.638502	0.00951239	67.4407
0.1	0.42	3.2	0.257618	0.00191466	0.531857	0.00718369	54.3022
0.1	0.42	3.56667	0.250887	0.0017654	0.453179	0.00581536	48.4898
0.1	0.42	3.93333	0.245148	0.00159806	0.392571	0.00468063	41.5483
0.1	0.42	4.3	0.240313	0.00146972	0.345714	0.00388099	36.3708
0.1	0.42	4.66667	0.236706	0.00141952	0.309641	0.00342023	34.7775
0.1	0.42	5.03333	0.233413	0.00135129	0.279301	0.00298245	32.3465
0.1	0.42	5.4	0.230221	0.00128351	0.253355	0.00261004	29.9704
0.1	0.42	5.76667	0.228477	0.00125358	0.233809	0.00237853	28.9754
0.1	0.42	6.13333	0.225591	0.00124056	0.214413	0.00218802	29.0742
0.1	0.42	6.5	0.223948	0.0011609	0.199144	0.00191784	25.9257
0.1	0.42	6.86667	0.221773	0.00115554	0.185082	0.00179282	26.1046
0.1	0.42	7.23333	0.219914	0.00109255	0.172726	0.00159637	23.7489
0.1	0.42	7.6	0.219407	0.00111181	0.163777	0.00154831	24.6452
0.1	0.42	7.96667	0.218506	0.00107155	0.154828	0.00141382	23.1366
0.1	0.42	8.33333	0.217475	0.00107535	0.146762	0.0013557	23.4578
0.1	0.42	8.7	0.216519	0.00105546	0.139482	0.00127033	22.7299
0.1	0.42	9.06667	0.214822	0.00104984	0.131674	0.00120393	22.8868
0.1	0.42	9.43333	0.214474	0.00102828	0.126333	0.00113438	21.9313
0.1	0.42	9.8	0.213482	0.00101468	0.120435	0.00107243	21.5812
0.1	0.42	10.1667	0.212838	0.001004	0.115269	0.0010184	21.3201
0.1	0.42	10.5333	0.211487	0.0010109	0.110084	0.000987539	21.7588
0.1	0.42	10.9	0.211484	0.000990884	0.106313	0.000933087	20.9437
0.1	0.42	11.2667	0.210817	0.000982522	0.102244	0.000894985	20.6903
0.1	0.42	11.6333	0.211089	0.000974518	0.0992113	0.000858267	20.348
0.1	0.42	12	0.210349	0.000973178	0.0955326	0.000829457	20.4213
0.1	0.5	1	0.262661	0.0103153	1.77145	0.126389	1495.76
0.1	0.5	1.36667	0.268865	0.00467338	1.35012	0.0420948	301.117
0.1	0.5	1.73333	0.263141	0.00314779	1.01707	0.0219392	143.752
0.1	0.5	2.1	0.254116	0.00228071	0.784106	0.0127606	80.5573
0.1	0.5	2.46667	0.247188	0.00187424	0.634219	0.00877052	56.7938
0.1	0.5	2.83333	0.240282	0.00164221	0.522474	0.00654098	45.9442
0.1	0.5	3.2	0.234788	0.00148858	0.442623	0.00516205	39.296
0.1	0.5	3.56667	0.230417	0.00137838	0.382894	0.00423376	34.8707
0.1	0.5	3.93333	0.226185	0.00130647	0.335782	0.00360007	32.1521
0.1	0.5	4.3	0.224343	0.00121474	0.30167	0.00302645	28.4044
0.1	0.5	4.66667	0.222123	0.0011723	0.272538	0.00267119	26.9727
0.1	0.5	5.03333	0.219831	0.00115623	0.247471	0.00241761	26.7926
0.1	0.5	5.4	0.218567	0.00112471	0.228504	0.00219261	25.49
0.1	0.5	5.76667	0.215298	0.00107009	0.208089	0.00193439	23.6232
0.1	0.5	6.13333	0.21515	0.00105988	0.195348	0.00179669	23.22
0.1	0.5	6.5	0.2135	0.00103342	0.18146	0.00164145	22.4363
0.1	0.5	6.86667	0.212756	0.00102388	0.170339	0.00153408	22.2682
0.1	0.5	7.23333	0.212685	0.00101141	0.161626	0.00143423	21.7293
0.1	0.5	7.6	0.21133	0.00100042	0.152302	0.00135166	21.3592
0.1	0.5	7.96667	0.21046	0.000989856	0.144074	0.00127103	21.0949
0.1	0.5	8.33333	0.210416	0.000978645	0.13761	0.00119667	20.6574
0.1	0.5	8.7	0.208636	0.000967772	0.129724	0.00113176	20.4853
0.1	0.5	9.06667	0.208762	0.00096418	0.124497	0.00107723	20.3719
0.1	0.5	9.43333	0.208599	0.000967071	0.119513	0.00104032	20.5051
0.1	0.5	9.8	0.208084	0.000955056	0.114445	0.000986356	20.1096
0.1	0.5	10.1667	0.20795	0.000950467	0.110266	0.000947359	19.8961
0.1	0.5	10.5333	0.205491	0.000916011	0.103769	0.000868342	19.0094
0.1	0.5	10.9	0.206373	0.000922084	0.101351	0.000852102	18.9838
0.1	0.5	11.2667	0.205834	0.000918916	0.0974347	0.000819589	19.0091
0.1	0.5	11.6333	0.205964	0.000916201	0.0944359	0.000789155	18.9039
0.1	0.5	12	0.205135	0.000927887	0.0909765	0.000776006	19.4454
0.18	0.1	1	1	nan	0	nan	nan
0.18	0.1	1.36667	1	nan	0	nan	nan
0.18	0.1	1.73333	1	nan	0	nan	nan
0.18	0.1	2.1	1	nan	0	nan	nan
0.18	0.1	2.46667	1	nan	0	nan	nan
0.18	0.1	2.83333	1	nan	0	nan	nan
0.18	0.1	3.2	1	nan	0	nan	nan
0.18	0.1	3.56667	1	6.59963e-07	2.6168e-07	3.70067e-07	6.99997
0.18	0.1	3.93333	1	6.59963e-07	2.37286e-07	3.3557e-07	6.99997
0.18	0.1	4.3	0.99998	1.78659e-05	9.08261e-06	8.30483e-06	122.591
0.18	0.1	4.66667	0.999967	1.5572e-05	1.40788e-05	6.66713e-06	55.3615
0.18	0.1	5.03333	0.99995	1.79202e-05	1.96939e-05	7.11003e-06	48.5949
0.18	0.1	5.4	0.999901	2.88879e-05	3.66122e-05	1.06674e-05	63.3145
0.18	0.1	5.76667	0.999811	4.02191e-05	6.52713e-05	1.38698e-05	64.4628
0.18	0.1	6.13333	0.999697	5.05373e-05	9.82691e-05	1.63299e-05	63.5626
0.18	0.1	6.5	0.999517	6.04657e-05	0.000147643	1.84286e-05	57.1456
0.18	0.1	6.86667	0.999169	8.50936e-05	0.000243698	2.55207e-05	64.9063
0.18	0.1	7.23333	0.998841	9.70146e-05	0.000318758	2.68387e-05	61.2302
0.18	0.1	7.6	0.998249	0.000116962	0.000464373	3.21639e-05	58.1432
0.18	0.1	7.96667	0.997587	0.00014199	0.000617416	3.89385e-05	61.483
0.18	0.1	8.33333	0.996835	0.000157503	0.000767386	4.04582e-05	58.1885
0.18	0.1	8.7	0.995835	0.000183034	0.000979623	4.70353e-05	58.9625
0.18	0.1	9.06667	0.994525	0.000209667	0.0012224	5.13515e-05	59.4963
0.18	0.1	9.43333	0.993394	0.000236535	0.00145421	5.97467e-05	61.1772
0.18	0.1	9.8	0.991541	0.000275556	0.00183938	7.19925e-05	63.1849
0.18	0.1	10.1667	0.989746	0.000305789	0.00216046	8.03183e-05	63.8573
0.18	0.1	10.5333	0.987474	0.000332924	0.00255749	8.72158e-05	61.7164
0.18	0.1	10.9	0.984857	0.000370519	0.00303121	0.000100553	62.3259
0.18	0.1	11.2667	0.981698	0.000421644	0.00363138	0.000116391	65.1803
0.18	0.1	11.6333	0.978658	0.000461348	0.0041685	0.000127842	65.8363
0.18	0.1	12	0.975574	0.000495525	0.00462818	0.000137882	66.318
0.18	0.18	1	1	nan	0	nan	nan
0.18	0.18	1.36667	1	nan	0	nan	nan
0.18	0.18	1.73333	1	nan	0	nan	nan
0.18	0.18	2.1	0.99998	1.78659e-05	1.85977e-05	1.70051e-05	122.591
0.18	0.18	2.46667	0.99998	1.24732e-05	1.61033e-05	1.01074e-05	58.7522
0.18	0.18	2.83333	0.999889	3.06911e-05	7.82225e-05	2.15922e-05	63.7509
0.18	0.18	3.2	0.99978	4.37398e-05	0.000137005	2.7157e-05	65.4573
0.18	0.18	3.56667	0.999388	6.92275e-05	0.000341972	3.87901e-05	58.9379
0.18	0.18	3.93333	0.998731	0.000104991	0.000644156	5.40643e-05	65.2596
0.18	0.18	4.3	0.997465	0.000147925	0.00120914	7.59782e-05	63.1287
0.18	0.18	4.66667	0.996074	0.000179358	0.00170062	8.28457e-05	60.8021
0.18	0.18	5.03333	0.993877	0.000223861	0.00249574	0.000102295	59.8399
0.18	0.18	5.4	0.991065	0.000274893	0.00343974	0.00012378	61.0239
0.18	0.18	5.76667	0.987229	0.000344576	0.00480973	0.000171044	64.212
0.18	0.18	6.13333	0.982369	0.000416443	0.006426	0.000212302	66.0031
0.18	0.18	6.5	0.976451	0.000483748	0.00826246	0.000254481	65.3592
0.18	0.18	6.86667	0.969984	0.000566395	0.0100598	0.000301159	69.6614
0.18	0.18	7.23333	0.961766	0.000667473	0.0126405	0.000381776	73.0897
0.18	0.18	7.6	0.951102	0.000771934	0.0160381	0.000503494	73.3308
0.18	0.18	7.96667	0.93994	0.00090581	0.019785	0.00063337	78.0821
0.18	0.18	8.33333	0.926162	0.0381022	1.14866	1.34756	102008
0.18	0.18	8.7	0.911231	0.0478893	2.05787	1.33405	127780
0.18	0.18	9.06667	0.89485	0.0445091	2.63139	0.39349	85078.7
0.18	0.18	9.43333	0.872008	0.0512396	2.46388	0.263654	84130.7
0.18	0.18	9.8	0.847218	0.0247405	1.95909	0.283593	15271.6
0.18	0.18	10.1667	0.82134	0.0210167	2.01624	0.118878	8521.1
0.18	0.18	10.5333	0.793735	0.0239985	1.88269	0.0937226	9058.11
0.18	0.18	10.9	0.761772	0.0167591	1.68624	0.0647262	3721.11
0.18	0.18	11.2667	0.725608	0.0160468	1.50916	0.056183	2879.32
0.18	0.18	11.6333	0.683196	0.0137184	1.33053	0.0430177	1796.8
0.18	0.18	12	0.654654	0.0127461	1.20238	0.0378976	1440.99
0.18	0.26	1	0.99997	1.94388e-05	5.94401e-05	3.8843e-05	95.3568
0.18	0.26	1.36667	0.999799	4.02604e-05	0.000295601	5.99475e-05	60.1838
0.18	0.26	1.73333	0.999024	9.87118e-05	0.00116191	0.000127576	72.573
0.18	0.26	2.1	0.997135	0.00015787	0.00278834	0.000163992	63.8446
0.18	0.26	2.46667	0.993645	0.000231213	0.00528481	0.000216887	61.5146
0.18	0.26	2.83333	0.987939	0.000321233	0.00893927	0.000293269	61.1128
0.18	0.26	3.2	0.97913	0.000446783	0.0142825	0.000450082	65.5135
0.18	0.26	3.56667	0.966851	0.00058938	0.0214194	0.000652128	68.2046
0.18	0.26	3.93333	0.949705	0.0109932	0.437349	0.544787	14068.9
0.18	0.26	4.3	0.927075	0.0389024	2.3963	2.74705	108699
0.18	0.26	4.66667	0.899151	0.06017	5.09343	1.23823	164966
0.18	0.26	5.03333	0.858976	0.0282939	4.45461	0.3178	21480.7
0.18	0.26	5.4	0.809458	0.0411869	3.79491	0.322399	28853.5
0.18	0.26	5.76667	0.74458	0.0185105	3.10375	0.12165	3996.97
0.18	0.26	6.13333	0.68332	0.0159761	2.52882	0.0960139	2331.94
0.18	0.26	6.5	0.617264	0.0132505	2.039	0.0681527	1400.36
0.18	0.26	6.86667	0.548073	0.0103116	1.59298	0.0472178	798.516
0.18	0.26	7.23333	0.495108	0.00938393	1.28908	0.0381038	670.342
0.18	0.26	7.6	0.450704	0.00771805	1.04985	0.0285697	473.393
0.18	0.26	7.96667	0.412329	0.00698087	0.863004	0.0235703	410.661
0.18	0.26	8.33333	0.37793	0.00637446	0.712125	0.0196303	369.049
0.18	0.26	8.7	0.352501	0.00543412	0.605257	0.0154269	287.96
0.18	0.26	9.06667	0.334659	0.00462271	0.531804	0.0122083	219.252
0.18	0.26	9.43333	0.319751	0.00415384	0.468435	0.0102283	191.194
0.18	0.26	9.8	0.301769	0.0042774	0.408685	0.00981525	215.554
0.18	0.26	10.1667	0.28923	0.00363535	0.365041	0.00783712	164.721
0.18	0.26	10.5333	0.279063	0.00330372	0.330577	0.00671434	142.881
0.18	0.26	10.9	0.267713	0.00303864	0.295746	0.00579274	128.997
0.18	0.26	11.2667	0.258064	0.00287036	0.267554	0.00517402	121.544
0.18	0.26	11.6333	0.250959	0.00281589	0.245951	0.00481242	122.387
0.18	0.26	12	0.245845	0.00257237	0.23027	0.00421673	104.469
0.18	0.34	1	0.979902	0.000415758	0.041905	0.0010529	61.8737
0.18	0.34	1.36667	0.960836	0.000585834	0.0582691	0.00135768	64.6456
0.18	0.34	1.73333	0.883478	0.166309	14.1452	3.616	376304
0.18	0.34	2.1	0.793835	0.0744022	9.59702	1.57036	43627.3
0.18	0.34	2.46667	0.678247	0.0414748	6.55881	0.588726	10024.9
0.18	0.34	2.83333	0.568455	0.0223383	4.35259	0.249911	2781.95
0.18	0.34	3.2	0.464095	0.0160284	2.77502	0.146017	1593.39
0.18	0.34	3.56667	0.404955	0.0104692	1.96067	0.0798012	792.787
0.18	0.34	3.93333	0.363291	0.00783336	1.45307	0.0510427	524.157
0.18	0.34	4.3	0.324918	0.00564404	1.08236	0.0314833	320.952
0.18	0.34	4.66667	0.293642	0.00485612	0.835592	0.0235994	269.215
0.18	0.34	5.03333	0.276374	0.00401472	0.687257	0.017239	207.033
0.18	0.34	5.4	0.264299	0.00344396	0.587521	0.0132904	165.18
0.18	0.34	5.76667	0.247643	0.00297355	0.489204	0.0102834	135.115
0.18	0.34	6.13333	0.23957	0.0027151	0.429161	0.00852549	121.45
0.18	0.34	6.5	0.230869	0.00254396	0.379546	0.00737833	111.835
0.18	0.34	6.86667	0.224621	0.0024097	0.339771	0.00645168	106.284
0.18	0.34	7.23333	0.217093	0.00216624	0.303669	0.00539986	89.9364
0.18	0.34	7.6	0.210873	0.00201174	0.272057	0.00461025	82.7342
0.18	0.34	7.96667	0.206729	0.00194936	0.250531	0.00420289	79.8543
0.18	0.34	8.33333	0.202575	0.00185801	0.230163	0.00376863	75.347
0.18	0.34	8.7	0.198939	0.00174791	0.211692	0.00331945	70.0286
0.18	0.34	9.06667	0.19573	0.00174231	0.197751	0.00314702	70.7416
0.18	0.34	9.43333	0.192172	0.00167411	0.184404	0.00288992	66.5232
0.18	0.34	9.8	0.191061	0.0015863	0.174949	0.0026008	60.9342
0.18	0.34	10.1667	0.188048	0.00155428	0.163951	0.00244066	59.7927
0.18	0.34	10.5333	0.187879	0.00155062	0.1568	0.0023121	60.8431
0.18	0.34	10.9	0.185471	0.00151267	0.148237	0.00216834	58.7879
0.18	0.34	11.2667	0.182389	0.0014717	0.139009	0.00200958	57.1374
0.18	0.34	11.6333	0.181511	0.00142182	0.133406	0.00187781	53.7982
0.18	0.34	12	0.180208	0.00139855	0.128018	0.00179148	52.1993
0.18	0.42	1	0.208445	0.00303614	0.427812	0.0358334	694.018
0.18	0.42	1.36667	0.19997	0.0260341	1.24365	0.347677	20286
0.18	0.42	1.73333	0.198856	0.00968046	1.09872	0.108386	1955.44
0.18	0.42	2.1	0.208688	0.00601308	1.03542	0.0568696	624.73
0.18	0.42	2.46667	0.209386	0.00390722	0.874044	0.0300633	272.382
0.18	0.42	2.83333	0.215257	0.00331081	0.781537	0.0217264	199.315
0.18	0.42	3.2	0.211406	0.0028458	0.662674	0.0160322	155.764
0.18	0.42	3.56667	0.209317	0.00246103	0.577774	0.012173	121.661
0.18	0.42	3.93333	0.202097	0.00218383	0.489212	0.00946313	102.348
0.18	0.42	4.3	0.196829	0.00203684	0.423992	0.00788353	94.1556
0.18	0.42	4.66667	0.193791	0.00190369	0.377634	0.0066539	85.4503
0.18	0.42	5.03333	0.189885	0.00175205	0.336061	0.00555001	75.4764
0.18	0.42	5.4	0.185804	0.00163237	0.301712	0.00476107	67.2677
0.18	0.42	5.76667	0.182526	0.00157996	0.272114	0.00423621	65.702
0.18	0.42	6.13333	0.179847	0.00149636	0.248822	0.00373894	60.4315
0.18	0.42	6.5	0.178251	0.00144321	0.23053	0.00335004	57.2973
0.18	0.42	6.86667	0.174601	0.00139941	0.210144	0.00302731	55.59
0.18	0.42	7.23333	0.173487	0.0013497	0.196958	0.00275153	52.3493
0.18	0.42	7.6	0.171493	0.00133177	0.18334	0.00255484	52.0542
0.18	0.42	7.96667	0.170017	0.00129845	0.171892	0.00236018	50.3486
0.18	0.42	8.33333	0.169696	0.0013117	0.164231	0.00229105	51.1363
0.18	0.42	8.7	0.168203	0.00125752	0.154407	0.00208136	47.9388
0.18	0.42	9.06667	0.167212	0.00121065	0.146362	0.00190476	45.0302
0.18	0.42	9.43333	0.164708	0.00120722	0.136542	0.00180192	46.1021
0.18	0.42	9.8	0.165233	0.00117059	0.132115	0.00167824	43.2072
0.18	0.42	10.1667	0.164136	0.00116774	0.125874	0.00161354	43.3774
0.18	0.42	10.5333	0.164259	0.00114127	0.121598	0.0015245	41.4434
0.18	0.42	10.9	0.162307	0.00112353	0.114965	0.00143255	40.9112
0.18	0.42	11.2667	0.161914	0.00113981	0.110352	0.00139581	42.6584
0.18	0.42	11.6333	0.161271	0.00114405	0.106236	0.00135426	43.0852
0.18	0.42	12	0.160622	0.00110607	0.102275	0.00127149	40.4798
0.18	0.5	1	0.194539	0.0164416	1.74018	0.269425	6679.88
0.18	0.5	1.36667	0.183378	0.00515451	1.19203	0.0621203	640.222
0.18	0.5	1.73333	0.194148	0.00408704	1.05073	0.0402662	362.555
0.18	0.5	2.1	0.195076	0.00297016	0.865719	0.0236607	195.555
0.18	0.5	2.46667	0.193093	0.00241199	0.716896	0.0160847	134.223
0.18	0.5	2.83333	0.188547	0.00208051	0.591782	0.011715	106.402
0.18	0.5	3.2	0.185024	0.00183552	0.504512	0.00898024	86.0316
0.18	0.5	3.56667	0.182423	0.00171414	0.440913	0.00745266	76.7504
0.18	0.5	3.93333	0.176905	0.00160329	0.375615	0.00609818	71.5961
0.18	0.5	4.3	0.173768	0.00149591	0.331776	0.00512811	64.4493
0.18	0.5	4.66667	0.171013	0.00140097	0.296664	0.00438986	58.0442
0.18	0.5	5.03333	0.169857	0.00137117	0.2713	0.00393038	56.3972
0.18	0.5	5.4	0.167818	0.00129982	0.247549	0.00345621	51.5221
0.18	0.5	5.76667	0.164701	0.00123063	0.2228	0.00299067	48.2284
0.18	0.5	6.13333	0.1638	0.00122732	0.207455	0.00279441	48.3224
0.18	0.5	6.5	0.162581	0.00117237	0.193592	0.0025166	44.2894
0.18	0.5	6.86667	0.162379	0.00116408	0.182623	0.00235472	43.9005
0.18	0.5	7.23333	0.160402	0.0011188	0.169003	0.00212443	41.6675
0.18	0.5	7.6	0.159753	0.00113155	0.159919	0.00203825	42.703
0.18	0.5	7.96667	0.159186	0.00108965	0.151288	0.0018648	40.0007
0.18	0.5	8.33333	0.158768	0.00109794	0.143993	0.00179575	40.7513
0.18	0.5	8.7	0.159047	0.00108501	0.138068	0.00169544	39.9113
0.18	0.5	9.06667	0.157242	0.00107453	0.129789	0.00159546	39.809
0.18	0.5	9.43333	0.156458	0.00107416	0.123664	0.00152652	40.0451
0.18	0.5	9.8	0.156927	0.00105778	0.11955	0.00144869	38.7758
0.18	0.5	10.1667	0.154796	0.0010293	0.112519	0.00134804	37.3819
0.18	0.5	10.5333	0.155079	0.00101807	0.108873	0.00128482	36.5532
0.18	0.5	10.9	0.154929	0.00099988	0.104919	0.00122009	35.4083
0.18	0.5	11.2667	0.154603	0.00101354	0.100922	0.00118631	36.6862
0.18	0.5	11.6333	0.15434	0.00100923	0.0977487	0.00115248	36.1597
0.18	0.5	12	0.153622	0.000999449	0.0939627	0.00110238	35.7041
0.26	0.1	1	1	nan	0	nan	nan
0.26	0.1	1.36667	1	nan	0	nan	nan
0.26	0.1	1.73333	1	nan	0	nan	nan
0.26	0.1	2.1	1	nan	0	nan	nan
0.26	0.1	2.46667	1	nan	0	nan	nan
0.26	0.1	2.83333	1	nan	0	nan	nan
0.26	0.1	3.2	1	nan	0	nan	nan
0.26	0.1	3.56667	1	nan	0	nan	nan
0.26	0.1	3.93333	1	nan	0	nan	nan
0.26	0.1	4.3	1	nan	0	nan	nan
0.26	0.1	4.66667	1	nan	0	nan	nan
0.26	0.1	5.03333	1	nan	0	nan	nan
0.26	0.1	5.4	1	nan	0	nan	nan
0.26	0.1	5.76667	0.999999	1.64988e-06	4.04613e-07	5.7218e-07	27.9995
0.26	0.1	6.13333	0.999999	1.64988e-06	3.80424e-07	5.37974e-07	27.9995
0.26	0.1	6.5	0.999999	1.64988e-06	3.58964e-07	5.07626e-07	27.9995
0.26	0.1	6.86667	0.999999	1.64988e-06	3.39796e-07	4.8052e-07	27.9995
0.26	0.1	7.23333	0.999992	4.7007e-06	2.33823e-06	1.29921e-06	31.3552
0.26	0.1	7.6	0.999983	1.21867e-05	4.58142e-06	3.20435e-06	102.37
0.26	0.1	7.96667	0.999952	1.94055e-05	1.20259e-05	4.86045e-06	94.3335
0.26	0.1	8.33333	0.999947	1.8549e-05	1.2644e-05	4.44048e-06	78.3697
0.26	0.1	8.7	0.999907	2.8107e-05	2.13793e-05	6.43246e-06	101.936
0.26	0.1	9.06667	0.999885	3.01244e-05	2.53525e-05	6.60832e-06	94.7499
0.26	0.1	9.43333	0.999828	3.70928e-05	3.62283e-05	7.79943e-06	96.6223
0.26	0.1	9.8	0.999767	4.35689e-05	4.74038e-05	8.83991e-06	98.0677
0.26	0.1	10.1667	0.999637	5.1231e-05	7.08458e-05	9.94474e-06	87.4549
0.26	0.1	10.5333	0.999478	6.16754e-05	9.90038e-05	1.18162e-05	87.5424
0.26	0.1	10.9	0.999364	6.87249e-05	0.000117148	1.29296e-05	88.7722
0.26	0.1	11.2667	0.999151	8.08378e-05	0.000149983	1.44209e-05	92.8117
0.26	0.1	11.6333	0.998886	9.23432e-05	0.000191417	1.62276e-05	91.9044
0.26	0.1	12	0.998628	0.000103537	0.000228668	1.7913e-05	93.7596
0.26	0.18	1	1	nan	0	nan	nan
0.26	0.18	1.36667	1	nan	0	nan	nan
0.26	0.18	1.73333	1	nan	0	nan	nan
0.26	0.18	2.1	1	nan	0	nan	nan
0.26	0.18	2.46667	1	nan	0	nan	nan
0.26	0.18	2.83333	1	nan	0	nan	nan
0.26	0.18	3.2	1	nan	0	nan	nan
0.26	0.18	3.56667	0.999999	1.64988e-06	6.54187e-07	9.25114e-07	27.9995
0.26	0.18	3.93333	0.999984	1.15639e-05	7.96311e-06	5.87552e-06	102.465
0.26	0.18	4.3	0.999972	1.37083e-05	1.30919e-05	6.36733e-06	80.1136
0.26	0.18	4.66667	0.999924	2.42343e-05	3.23697e-05	1.03484e-05	93.3097
0.26	0.18	5.03333	0.999884	3.14834e-05	4.62617e-05	1.25738e-05	102.164
0.26	0.18	5.4	0.999719	4.62363e-05	0.00010365	1.70463e-05	91.6671
0.26	0.18	5.76667	0.999479	6.22235e-05	0.000179693	2.15166e-05	89.6733
0.26	0.18	6.13333	0.999205	7.80811e-05	0.000260381	2.62334e-05	91.6215
0.26	0.18	6.5	0.998729	9.83266e-05	0.000395084	3.18994e-05	90.3545
0.26	0.18	6.86667	0.997995	0.000128302	0.000597104	4.14921e-05	96.3572
0.26	0.18	7.23333	0.997198	0.000146123	0.00078688	4.42278e-05	90.0325
0.26	0.18	7.6	0.996254	0.000170678	0.000997444	5.0058e-05	92.2285
0.26	0.18	7.96667	0.995075	0.000204824	0.00128376	6.25487e-05	98.4489
0.26	0.18	8.33333	0.993656	0.000239761	0.00161874	7.45651e-05	102.275
0.26	0.18	8.7	0.991723	0.000278853	0.0020225	8.69988e-05	106.061
0.26	0.18	9.06667	0.989752	0.000306178	0.00236319	9.20478e-05	105.006
0.26	0.18	9.43333	0.987056	0.000357403	0.00296066	0.000112689	109.768
0.26	0.18	9.8	0.984398	0.000383768	0.00345588	0.000123558	104.367
0.26	0.18	10.1667	0.980587	0.000431885	0.00420688	0.000139579	104.667
0.26	0.18	10.5333	0.977458	0.000464631	0.00478731	0.000150487	102.747
0.26	0.18	10.9	0.97293	0.000526811	0.00565	0.000180973	108.155
0.26	0.18	11.2667	0.968668	0.000568689	0.00641387	0.000204363	107.41
0.26	0.18	11.6333	0.963543	0.000622521	0.00733774	0.000225011	108.956
0.26	0.18	12	0.958236	0.000682979	0.00841819	0.000265321	110.822
0.26	0.26	1	1	nan	0	nan	nan
0.26	0.26	1.36667	1	nan	0	nan	nan
0.26	0.26	1.73333	1	nan	0	nan	nan
0.26	0.26	2.1	0.999964	1.95244e-05	3.41372e-05	1.85627e-05	127.62
0.26	0.26	2.46667	0.999886	2.99241e-05	9.24838e-05	2.43948e-05	94.2059
0.26	0.26	2.83333	0.999545	5.72385e-05	0.000318527	3.99242e-05	87.1253
0.26	0.26	3.2	0.999032	8.44077e-05	0.000619504	5.71489e-05	86.2545
0.26	0.26	3.56667	0.997713	0.000138469	0.00129005	8.341e-05	100.011
0.26	0.26	3.93333	0.996216	0.000171021	0.00198062	0.000100261	90.1046
0.26	0.26	4.3	0.99387	0.000235402	0.00302563	0.000143949	102.222
0.26	0.26	4.66667	0.990085	0.000297532	0.00452944	0.000176273	100.514
0.26	0.26	5.03333	0.985528	0.000372694	0.00633685	0.000235053	104.517
0.26	0.26	5.4	0.979168	0.000448428	0.00864627	0.00028774	103.365
0.26	0.26	5.76667	0.971428	0.000536915	0.0113173	0.000352133	106.012
0.26	0.26	6.13333	0.962273	0.000647919	0.0146834	0.00047056	111.874
0.26	0.26	6.5	0.950928	0.000789752	0.0190025	0.000625955	121.191
0.26	0.26	6.86667	0.938291	0.000950063	0.0245978	0.00123922	128.255
0.26	0.26	7.23333	0.922955	0.00104507	0.0293291	0.00105562	123.557
0.26	0.26	7.6	0.905318	0.00127328	0.036767	0.0014005	139.247
0.26	0.26	7.96667	0.884962	0.030061	1.14043	1.39337	60359.1
0.26	0.26	8.33333	0.861121	0.0108903	0.18884	0.159875	5777.69
0.26	0.26	8.7	0.833152	0.0383373	3.90513	0.31959	53164.2
0.26	0.26	9.06667	0.801725	0.0518044	3.12837	0.911115	75983.3
0.26	0.26	9.43333	0.759099	0.0249447	3.0138	0.20457	11697.6
0.26	0.26	9.8	0.717065	0.031462	2.68439	0.189283	14607
0.26	0.26	10.1667	0.667524	0.0203701	2.29391	0.112927	4938.35
0.26	0.26	10.5333	0.614834	0.0218155	1.94641	0.107812	4812.27
0.26	0.26	10.9	0.562326	0.0209852	1.6214	0.0952139	4187.28
0.26	0.26	11.2667	0.525868	0.0142319	1.40862	0.0599267	1852.5
0.26	0.26	11.6333	0.468934	0.0120748	1.13267	0.0460277	1333.31
0.26	0.26	12	0.438065	0.0126747	0.972914	0.0458008	1488.8
0.26	0.34	1	0.999797	3.98231e-05	0.00040486	7.96554e-05	94.0105
0.26	0.34	1.36667	0.998749	9.86999e-05	0.00186128	0.000155956	91.9116
0.26	0.34	1.73333	0.995351	0.000202966	0.00567252	0.00029986	100.554
0.26	0.34	2.1	0.988951	0.000330818	0.0119429	0.000511563	104.727
0.26	0.34	2.46667	0.977328	0.000500204	0.0220098	0.000866846	110.606
0.26	0.34	2.83333	0.959622	0.000770035	0.0378978	0.00154012	132.532
0.26	0.34	3.2	0.929347	0.0603807	9.02936	8.14503	224328
0.26	0.34	3.56667	0.888019	0.054286	4.13863	4.35545	89254.8
0.26	0.34	3.93333	0.824111	0.0838099	8.21585	2.12697	102694
0.26	0.34	4.3	0.739634	0.0528826	6.68732	0.688987	26178.9
0.26	0.34	4.66667	0.63016	0.0367724	4.73843	0.422298	9692.45
0.26	0.34	5.03333	0.539388	0.0230942	3.42327	0.223117	3678.76
0.26	0.34	5.4	0.458198	0.0166455	2.47221	0.13665	2031.31
0.26	0.34	5.76667	0.402163	0.0130038	1.8445	0.0941735	1387.54
0.26	0.34	6.13333	0.355977	0.010214	1.40045	0.0651689	995.016
0.26	0.34	6.5	0.318911	0.00810698	1.08667	0.0456666	722.452
0.26	0.34	6.86667	0.289916	0.00642197	0.867811	0.0324957	514.171
0.26	0.34	7.23333	0.265228	0.00530755	0.696222	0.0239472	406.812
0.26	0.34	7.6	0.252137	0.00512804	0.602258	0.0211945	413.364
0.26	0.34	7.96667	0.238525	0.00456268	0.51756	0.0173635	358.097
0.26	0.34	8.33333	0.221797	0.00364972	0.431357	0.0125196	259.196
0.26	0.34	8.7	0.215712	0.00362572	0.392491	0.0117232	267.099
0.26	0.34	9.06667	0.207185	0.00326186	0.34753	0.00974472	234.055
0.26	0.34	9.43333	0.198819	0.00297454	0.310292	0.0083416	205.872
0.26	0.34	9.8	0.196595	0.00282824	0.291439	0.00754508	191.799
0.26	0.34	10.1667	0.190276	0.00263779	0.264964	0.00659173	174.679
0.26	0.34	10.5333	0.186802	0.00252347	0.245904	0.00597098	166.985
0.26	0.34	10.9	0.180447	0.00244679	0.222312	0.00544582	166.982
0.26	0.34	11.2667	0.177273	0.00228321	0.207971	0.00483445	149.873
0.26	0.34	11.6333	0.173575	0.00213857	0.193711	0.00432301	135.874
0.26	0.34	12	0.16881	0.0020112	0.177429	0.00383563	127.514
0.26	0.42	1	0.173614	0.00156701	0.15456	0.0170527	517.918
0.26	0.42	1.36667	0.162655	0.00277438	0.293581	0.0348252	1006.94
0.26	0.42	1.73333	0.152187	0.00601774	0.449728	0.0767417	2233.49
0.26	0.42	2.1	0.138486	0.0405002	0.590465	0.307226	122761
0.26	0.42	2.46667	0.134634	0.0156928	0.527352	0.127266	13717.9
0.26	0.42	2.83333	0.145653	0.00655276	0.611944	0.0624749	1435.94
0.26	0.42	3.2	0.152971	0.0044561	0.604191	0.0368737	588.179
0.26	0.42	3.56667	0.168591	0.00421061	0.64419	0.0313871	455.789
0.26	0.42	3.93333	0.177568	0.00395773	0.630685	0.0264702	388.554
0.26	0.42	4.3	0.179218	0.00349704	0.577865	0.0207309	310.725
0.26	0.42	4.66667	0.179729	0.00316402	0.527992	0.0170975	263.033
0.26	0.42	5.03333	0.178549	0.00293557	0.478796	0.0143598	234.29
0.26	0.42	5.4	0.172323	0.00270867	0.413931	0.0118569	217.203
0.26	0.42	5.76667	0.170558	0.00243781	0.377815	0.00980676	182.054
0.26	0.42	6.13333	0.166215	0.00219063	0.338809	0.008132	153.116
0.26	0.42	6.5	0.16252	0.00206648	0.303668	0.00698736	145.146
0.26	0.42	6.86667	0.159621	0.00197609	0.278761	0.00626768	135.561
0.26	0.42	7.23333	0.15626	0.00183274	0.25309	0.00540995	122.388
0.26	0.42	7.6	0.155232	0.00183295	0.238438	0.00511979	123.012
0.26	0.42	7.96667	0.152109	0.00173849	0.218333	0.00452785	115.338
0.26	0.42	8.33333	0.149771	0.00162939	0.203122	0.00404614	103.368
0.26	0.42	8.7	0.148341	0.00162414	0.190957	0.00381087	104.621
0.26	0.42	9.06667	0.146693	0.00153363	0.178589	0.00339805	96.2758
0.26	0.42	9.43333	0.14387	0.00150948	0.16575	0.00316369	95.9254
0.26	0.42	9.8	0.143333	0.0014697	0.158033	0.00295759	92.1428
0.26	0.42	10.1667	0.141325	0.00144057	0.148542	0.00276531	90.1557
0.26	0.42	10.5333	0.139483	0.00140513	0.139859	0.00256851	87.8324
0.26	0.42	10.9	0.140393	0.00147421	0.136474	0.00261429	96.3261
0.26	0.42	11.2667	0.138024	0.00134302	0.127879	0.00227893	82.2031
0.26	0.42	11.6333	0.137754	0.00132134	0.123521	0.00216721	79.6112
0.26	0.42	12	0.138135	0.00133996	0.119958	0.00212499	82.2982
0.26	0.5	1	0.133229	0.00309637	0.396941	0.0453239	1285.09
0.26	0.5	1.36667	0.121644	0.0320498	0.69606	0.322393	100574
0.26	0.5	1.73333	0.115821	0.0111504	0.54429	0.104766	9701.61
0.26	0.5	2.1	0.130413	0.0044449	0.637724	0.0444315	905.359
0.26	0.5	2.46667	0.142223	0.00306872	0.645189	0.0269376	364.201
0.26	0.5	2.83333	0.153982	0.00321536	0.65287	0.0254894	348.397
0.26	0.5	3.2	0.158491	0.00277719	0.601066	0.019467	257.784
0.26	0.5	3.56667	0.157879	0.00241744	0.530651	0.0149714	201.419
0.26	0.5	3.93333	0.155913	0.00229573	0.467266	0.0125299	188.479
0.26	0.5	4.3	0.154226	0.00201508	0.417033	0.00999029	149.571
0.26	0.5	4.66667	0.151956	0.00193456	0.372109	0.008649	142.92
0.26	0.5	5.03333	0.14857	0.00178407	0.330153	0.0071987	126.834
0.26	0.5	5.4	0.145077	0.001642	0.293692	0.00606111	112.405
0.26	0.5	5.76667	0.144564	0.00156442	0.272717	0.00539922	103.135
0.26	0.5	6.13333	0.141207	0.00149829	0.246031	0.00479467	97.6194
0.26	0.5	6.5	0.138851	0.00143321	0.225054	0.00425635	91.7243
0.26	0.5	6.86667	0.137446	0.00137635	0.20783	0.00380736	87.3734
0.26	0.5	7.23333	0.136362	0.00135756	0.194783	0.00354111	85.6475
0.26	0.5	7.6	0.135539	0.00132257	0.182787	0.00326348	82.7019
0.26	0.5	7.96667	0.133655	0.00129044	0.170249	0.00300529	80.11
0.26	0.5	8.33333	0.132929	0.00123457	0.161024	0.00273696	74.0598
0.26	0.5	8.7	0.131927	0.00123221	0.151508	0.00258955	75.4779
0.26	0.5	9.06667	0.131731	0.00120896	0.145271	0.00243262	72.4448
0.26	0.5	9.43333	0.131195	0.00122102	0.13824	0.00234217	74.8125
0.26	0.5	9.8	0.130031	0.00116955	0.130657	0.00214496	69.9875
0.26	0.5	10.1667	0.129208	0.00114722	0.124386	0.00201438	68.1526
0.26	0.5	10.5333	0.129661	0.00117242	0.121372	0.00201452	69.9636
0.26	0.5	10.9	0.129187	0.00118162	0.116152	0.00194819	72.0647
0.26	0.5	11.2667	0.128078	0.0011231	0.110359	0.00177127	66.3528
0.26	0.5	11.6333	0.127161	0.00112677	0.105448	0.00170669	67.6106
0.26	0.5	12	0.126795	0.00111286	0.101821	0.00163328	66.0267
0.34	0.1	1	1	nan	0	nan	nan
0.34	0.1	1.36667	1	nan	0	nan	nan
0.34	0.1	1.73333	1	nan	0	nan	nan
0.34	0.1	2.1	1	nan	0	nan	nan
0.34	0.1	2.46667	1	nan	0	nan	nan
0.34	0.1	2.83333	1	nan	0	nan	nan
0.34	0.1	3.2	1	nan	0	nan	nan
0.34	0.1	3.56667	1	nan	0	nan	nan
0.34	0.1	3.93333	1	nan	0	nan	nan
0.34	0.1	4.3	1	nan	0	nan	nan
0.34	0.1	4.66667	1	nan	0	nan	nan
0.34	0.1	5.03333	1	nan	0	nan	nan
0.34	0.1	5.4	1	nan	0	nan	nan
0.34	0.1	5.76667	1	nan	0	nan	nan
0.34	0.1	6.13333	1	nan	0	nan	nan
0.34	0.1	6.5	1	nan	0	nan	nan
0.34	0.1	6.86667	1	nan	0	nan	nan
0.34	0.1	7.23333	1	nan	0	nan	nan
0.34	0.1	7.6	0.999997	3.16359e-06	8.32463e-07	8.3238e-07	43.5026
0.34	0.1	7.96667	0.999997	3.16359e-06	7.94149e-07	7.94069e-07	43.5026
0.34	0.1	8.33333	0.999992	5.36597e-06	1.90213e-06	1.28727e-06	49.954
0.34	0.1	8.7	0.999977	1.36839e-05	5.27984e-06	3.14175e-06	112.102
0.34	0.1	9.06667	0.999949	1.95069e-05	1.11342e-05	4.29103e-06	103.658
0.34	0.1	9.43333	0.999936	2.14489e-05	1.36065e-05	4.5314e-06	98.5674
0.34	0.1	9.8	0.999938	1.92088e-05	1.26315e-05	3.9068e-06	81.9697
0.34	0.1	10.1667	0.999903	2.96385e-05	1.89635e-05	5.79953e-06	125.299
0.34	0.1	10.5333	0.999868	3.18657e-05	2.49038e-05	6.00664e-06	106.451
0.34	0.1	10.9	0.999796	4.476e-05	3.71486e-05	8.12087e-06	136.064
0.34	0.1	11.2667	0.999741	4.40362e-05	4.57157e-05	7.70555e-06	103.536
0.34	0.1	11.6333	0.999666	5.14363e-05	5.73262e-05	8.90413e-06	109.098
0.34	0.1	12	0.999495	6.7631e-05	8.46741e-05	1.16199e-05	123.792
0.34	0.18	1	1	nan	0	nan	nan
0.34	0.18	1.36667	1	nan	0	nan	nan
0.34	0.18	1.73333	1	nan	0	nan	nan
0.34	0.18	2.1	1	nan	0	nan	nan
0.34	0.18	2.46667	1	nan	0	nan	nan
0.34	0.18	2.83333	1	nan	0	nan	nan
0.34	0.18	3.2	1	nan	0	nan	nan
0.34	0.18	3.56667	1	nan	0	nan	nan
0.34	0.18	3.93333	0.999997	3.16359e-06	1.60849e-06	1.60833e-06	43.5026
0.34	0.18	4.3	0.999993	5.13964e-06	3.06076e-06	2.38967e-06	55.1952
0.34	0.18	4.66667	0.999995	3.82637e-06	2.11919e-06	1.63943e-06	40.7127
0.34	0.18	5.03333	0.999968	1.45815e-05	1.26752e-05	5.78381e-06	91.6492
0.34	0.18	5.4	0.999924	2.52872e-05	2.821e-05	9.32633e-06	115.435
0.34	0.18	5.76667	0.999898	2.72188e-05	3.53148e-05	9.48793e-06	100.044
0.34	0.18	6.13333	0.999737	4.97189e-05	8.58242e-05	1.64302e-05	129.143
0.34	0.18	6.5	0.999545	6.11877e-05	0.000139869	1.90599e-05	113.247
0.34	0.18	6.86667	0.999321	7.1595e-05	0.000196382	2.08346e-05	104.532
0.34	0.18	7.23333	0.99911	7.63136e-05	0.000242897	2.08102e-05	91.1538
0.34	0.18	7.6	0.998629	9.93053e-05	0.000357326	2.64812e-05	99.8618
0.34	0.18	7.96667	0.997982	0.000126402	0.000508819	3.39564e-05	108.394
0.34	0.18	8.33333	0.997306	0.000143912	0.000659636	3.88768e-05	103.611
0.34	0.18	8.7	0.996516	0.000160312	0.000799051	4.01021e-05	101.665
0.34	0.18	9.06667	0.995504	0.000191969	0.00102588	5.32984e-05	108.956
0.34	0.18	9.43333	0.994535	0.00021527	0.00121271	6.00107e-05	111.398
0.34	0.18	9.8	0.992883	0.00024675	0.00150666	6.44172e-05	113.398
0.34	0.18	10.1667	0.991116	0.000279615	0.00183013	7.45103e-05	115.557
0.34	0.18	10.5333	0.989158	0.000312333	0.00218127	8.53453e-05	116.76
0.34	0.18	10.9	0.986823	0.000348607	0.00260521	9.86912e-05	117.689
0.34	0.18	11.2667	0.984528	0.000384976	0.00298843	0.000108908	121.049
0.34	0.18	11.6333	0.98121	0.000430866	0.00357169	0.000126766	122.868
0.34	0.18	12	0.97807	0.000472931	0.00413839	0.000146888	123.855
0.34	0.26	1	1	nan	0	nan	nan
0.34	0.26	1.36667	1	nan	0	nan	nan
0.34	0.26	1.73333	1	nan	0	nan	nan
0.34	0.26	2.1	0.999993	5.13964e-06	6.26726e-06	4.89312e-06	55.1952
0.34	0.26	2.46667	0.999969	1.45941e-05	2.48341e-05	1.18131e-05	95.616
0.34	0.26	2.83333	0.999892	3.23886e-05	7.57792e-05	2.27272e-05	134.36
0.34	0.26	3.2	0.999733	4.74978e-05	0.000168525	3.07528e-05	115.044
0.34	0.26	3.56667	0.999273	7.25233e-05	0.000410924	4.23295e-05	98.688
0.34	0.26	3.93333	0.998543	0.000106402	0.000737007	5.54631e-05	107.4
0.34	0.26	4.3	0.997463	0.000145311	0.00121096	7.8735e-05	111.515
0.34	0.26	4.66667	0.995501	0.000191827	0.00197721	9.88244e-05	109.671
0.34	0.26	5.03333	0.993411	0.000235602	0.00275373	0.000122725	110.132
0.34	0.26	5.4	0.990336	0.000293104	0.0037863	0.000150716	115.549
0.34	0.26	5.76667	0.986264	0.000361999	0.00517401	0.00019988	120.78
0.34	0.26	6.13333	0.981146	0.000426229	0.00683285	0.000254924	119.212
0.34	0.26	6.5	0.975663	0.000510992	0.00865875	0.000333688	127.583
0.34	0.26	6.86667	0.967876	0.0005955	0.0109454	0.000417654	129.753
0.34	0.26	7.23333	0.959344	0.000688591	0.013663	0.000475538	131.938
0.34	0.26	7.6	0.948222	0.000846364	0.0174213	0.00061893	148.783
0.34	0.26	7.96667	0.937502	0.000920581	0.0209569	0.000856496	139.589
0.34	0.26	8.33333	0.924419	0.00106135	0.0244279	0.00085277	152.174
0.34	0.26	8.7	0.909459	0.00122282	0.030339	0.0011333	155.788
0.34	0.26	9.06667	0.891642	0.061798	4.29489	2.5245	311363
0.34	0.26	9.43333	0.87122	0.0458427	2.06269	2.2811	131827
0.34	0.26	9.8	0.849745	0.0477198	3.35571	1.5045	106522
0.34	0.26	10.1667	0.825568	0.0577301	3.76161	0.462235	120594
0.34	0.26	10.5333	0.797883	0.0464594	3.28468	0.566591	62830
0.34	0.26	10.9	0.763403	0.0436147	2.87486	0.493718	43078.3
0.34	0.26	11.2667	0.722153	0.0281633	2.68962	0.171356	13361.3
0.34	0.26	11.6333	0.685293	0.0310754	2.38298	0.174332	14027.3
0.34	0.26	12	0.637514	0.0242807	2.0583	0.123443	6909.34
0.34	0.34	1	0.63347	0.354157	10.6689	4.82461	351454
0.34	0.34	1.36667	0.999626	5.55863e-05	0.000555431	8.69569e-05	111.937
0.34	0.34	1.73333	0.998501	0.000113508	0.00181205	0.000163465	112.806
0.34	0.34	2.1	0.995846	0.000196277	0.00427352	0.000254023	118.051
0.34	0.34	2.46667	0.990489	0.000324517	0.00872755	0.000430141	134.526
0.34	0.34	2.83333	0.981843	0.000454058	0.0151741	0.000618466	131.872
0.34	0.34	3.2	0.968599	0.000683464	0.025777	0.00122685	155.733
0.34	0.34	3.56667	0.950749	0.000921685	0.0407556	0.0018016	160.712
0.34	0.34	3.93333	0.92468	0.00139222	0.0631908	0.00381738	214.455
0.34	0.34	4.3	0.882986	0.00620294	0.184575	0.0537639	1493.45
0.34	0.34	4.66667	0.828055	0.0674681	7.78003	2.09712	96049.7
0.34	0.34	5.03333	0.754532	0.0517017	6.36514	0.942964	34471.5
0.34	0.34	5.4	0.676064	0.0377518	5.05416	0.488815	13927.7
0.34	0.34	5.76667	0.598665	0.0273046	3.96828	0.274126	6360.7
0.34	0.34	6.13333	0.500306	0.0203155	2.80506	0.175183	3269.54
0.34	0.34	6.5	0.428968	0.0147132	2.05321	0.110509	1844.3
0.34	0.34	6.86667	0.376945	0.012791	1.54673	0.0848434	1587.01
0.34	0.34	7.23333	0.338542	0.00919153	1.21525	0.0545356	927.053
0.34	0.34	7.6	0.310044	0.00805736	0.993058	0.0431754	789.467
0.34	0.34	7.96667	0.279191	0.00675349	0.779743	0.0323507	649.216
0.34	0.34	8.33333	0.264876	0.00589726	0.681379	0.0262092	525.64
0.34	0.34	8.7	0.240382	0.00492712	0.547629	0.0196455	420.848
0.34	0.34	9.06667	0.228157	0.00443247	0.474595	0.01628	374.572
0.34	0.34	9.43333	0.216937	0.00396491	0.41413	0.0134913	327.702
0.34	0.34	9.8	0.207079	0.0035627	0.366791	0.0113252	282.386
0.34	0.34	10.1667	0.201256	0.00338931	0.333053	0.0100229	272.712
0.34	0.34	10.5333	0.196894	0.00313177	0.307318	0.00879895	243.999
0.34	0.34	10.9	0.187542	0.00285789	0.271642	0.00749572	218.813
0.34	0.34	11.2667	0.182717	0.00273914	0.250066	0.00681176	210.008
0.34	0.34	11.6333	0.179371	0.00255429	0.232682	0.00602262	191.092
0.34	0.34	12	0.176335	0.00252152	0.218521	0.00571285	191.702
0.34	0.42	1	0.112601	0.00522699	0.917127	0.0716715	2463.09
0.34	0.42	1.36667	0.114043	0.00405156	0.71704	0.0421991	1249.61
0.34	0.42	1.73333	0.1208	0.00399405	0.610443	0.0343284	1018.89
0.34	0.42	2.1	0.1331	0.0349576	0.787462	0.491096	47995
0.34	0.42	2.46667	0.131324	0.014937	0.564146	0.131625	11017.1
0.34	0.42	2.83333	0.147657	0.0148798	0.720048	0.1562	7154.17
0.34	0.42	3.2	0.157052	0.0125894	0.715679	0.120196	4534.2
0.34	0.42	3.56667	0.168539	0.00727685	0.721938	0.0617431	1429.48
0.34	0.42	3.93333	0.185426	0.00698178	0.784403	0.0557102	1122.06
0.34	0.42	4.3	0.184307	0.00521582	0.692239	0.0365824	670.596
0.34	0.42	4.66667	0.187845	0.00450394	0.650531	0.0286797	509.398
0.34	0.42	5.03333	0.179802	0.00361536	0.552595	0.0204539	357.974
0.34	0.42	5.4	0.176519	0.0033959	0.495263	0.0174177	330.013
0.34	0.42	5.76667	0.172927	0.00294088	0.441792	0.0138356	263.401
0.34	0.42	6.13333	0.167627	0.00268486	0.388709	0.0114198	236.338
0.34	0.42	6.5	0.161483	0.00241798	0.339575	0.00933906	207.976
0.34	0.42	6.86667	0.158871	0.00228536	0.312893	0.00827586	188.821
0.34	0.42	7.23333	0.154119	0.00205461	0.280792	0.00692137	160.185
0.34	0.42	7.6	0.15168	0.00194252	0.258054	0.00610192	149.125
0.34	0.42	7.96667	0.150231	0.00197756	0.241211	0.00590439	158.055
0.34	0.42	8.33333	0.147389	0.00182569	0.222326	0.00509426	139.249
0.34	0.42	8.7	0.14676	0.00185904	0.210162	0.00490976	147.627
0.34	0.42	9.06667	0.143362	0.00173535	0.193742	0.00434027	132.244
0.34	0.42	9.43333	0.140854	0.00160663	0.17982	0.0038133	117.31
0.34	0.42	9.8	0.138932	0.00158398	0.168782	0.00359083	116.419
0.34	0.42	10.1667	0.137388	0.00149094	0.158199	0.00318823	107.192
0.34	0.42	10.5333	0.1358	0.00152934	0.149525	0.00314106	114.672
0.34	0.42	10.9	0.135908	0.00147416	0.145009	0.00293041	105.825
0.34	0.42	11.2667	0.135698	0.00149	0.139355	0.0028294	109.548
0.34	0.42	11.6333	0.133856	0.00141304	0.131809	0.0025835	100.193
0.34	0.42	12	0.132156	0.00134521	0.123809	0.00233084	94.7636
0.34	0.5	1	0.116207	0.00514141	0.840263	0.0597147	1713.04
0.34	0.5	1.36667	0.114843	0.00314934	0.584902	0.0280472	655.943
0.34	0.5	1.73333	0.123633	0.0297509	0.751843	0.332834	52399.5
0.34	0.5	2.1	0.133277	0.0142976	0.694973	0.145716	10237.7
0.34	0.5	2.46667	0.143233	0.00655005	0.70858	0.0625575	1827.28
0.34	0.5	2.83333	0.150703	0.0044104	0.697033	0.038816	736.965
0.34	0.5	3.2	0.154609	0.00368303	0.644212	0.0284459	499.484
0.34	0.5	3.56667	0.157604	0.00306927	0.594184	0.0214111	343.76
0.34	0.5	3.93333	0.154133	0.00244885	0.513936	0.0151393	230.47
0.34	0.5	4.3	0.150905	0.0023663	0.454075	0.0132091	219.84
0.34	0.5	4.66667	0.145289	0.0019741	0.387844	0.00978566	165.081
0.34	0.5	5.03333	0.144278	0.00187389	0.353134	0.00848633	152.657
0.34	0.5	5.4	0.141043	0.00184752	0.31339	0.00758516	156.913
0.34	0.5	5.76667	0.138271	0.00166915	0.282649	0.00633781	132.407
0.34	0.5	6.13333	0.136935	0.00166155	0.261363	0.0058915	132.768
0.34	0.5	6.5	0.135602	0.00159223	0.241382	0.00526586	124.983
0.34	0.5	6.86667	0.13322	0.00149096	0.220774	0.00459236	113.171
0.34	0.5	7.23333	0.131858	0.00141695	0.205815	0.00411996	103.672
0.34	0.5	7.6	0.129403	0.00135686	0.188192	0.00369248	99.3823
0.34	0.5	7.96667	0.127696	0.001292	0.175047	0.003316	92.2174
0.34	0.5	8.33333	0.127813	0.00132483	0.167217	0.00321979	97.5087
0.34	0.5	8.7	0.126063	0.00124433	0.156437	0.00287674	87.4431
0.34	0.5	9.06667	0.124808	0.00123094	0.14711	0.00270854	87.3422
0.34	0.5	9.43333	0.125497	0.00123167	0.142883	0.00261479	86.5986
0.34	0.5	9.8	0.124156	0.00122658	0.134375	0.00248103	88.0987
0.34	0.5	10.1667	0.12441	0.00123048	0.129789	0.00239349	88.9195
0.34	0.5	10.5333	0.122721	0.0011811	0.121955	0.00218479	84.08
0.34	0.5	10.9	0.122913	0.00116651	0.118634	0.00211182	80.951
0.34	0.5	11.2667	0.121566	0.00112697	0.111915	0.00192934	77.9404
0.34	0.5	11.6333	0.121155	0.0011821	0.10799	0.0019735	85.5707
0.34	0.5	12	0.12187	0.00116065	0.105695	0.00187341	82.0579
0.42	0.1	1	1	nan	0	nan	nan
0.42	0.1	1.36667	1	nan	0	nan	nan
0.42	0.1	1.73333	1	nan	0	nan	nan
0.42	0.1	2.1	1	nan	0	nan	nan
0.42	0.1	2.46667	1	nan	0	nan	nan
0.42	0.1	2.83333	1	nan	0	nan	nan
0.42	0.1	3.2	1	nan	0	nan	nan
0.42	0.1	3.56667	1	nan	0	nan	nan
0.42	0.1	3.93333	1	nan	0	nan	nan
0.42	0.1	4.3	1	nan	0	nan	nan
0.42	0.1	4.66667	1	nan	0	nan	nan
0.42	0.1	5.03333	1	nan	0	nan	nan
0.42	0.1	5.4	1	nan	0	nan	nan
0.42	0.1	5.76667	1	nan	0	nan	nan
0.42	0.1	6.13333	1	nan	0	nan	nan
0.42	0.1	6.5	1	nan	0	nan	nan
0.42	0.1	6.86667	1	nan	0	nan	nan
0.42	0.1	7.23333	0.999998	3.28443e-06	6.42142e-07	9.08006e-07	71.9966
0.42	0.1	7.6	0.999998	3.28443e-06	6.11161e-07	8.64199e-07	71.9966
0.42	0.1	7.96667	0.999998	3.28443e-06	5.83033e-07	8.24424e-07	71.9966
0.42	0.1	8.33333	0.999999	1.82473e-06	3.09665e-07	4.37901e-07	39.999
0.42	0.1	8.7	0.999999	1.82473e-06	2.96614e-07	4.19445e-07	39.999
0.42	0.1	9.06667	0.999997	2.71398e-06	7.25732e-07	5.98551e-07	34.7018
0.42	0.1	9.43333	0.999988	6.05689e-06	2.45438e-06	1.28322e-06	49.1195
0.42	0.1	9.8	0.999988	6.59813e-06	2.35597e-06	1.34559e-06	58.4532
0.42	0.1	10.1667	0.999973	1.18046e-05	5.39572e-06	2.31827e-06	78.7478
0.42	0.1	10.5333	0.999947	2.1081e-05	1.00834e-05	3.98952e-06	129.709
0.42	0.1	10.9	0.999943	1.91213e-05	1.03754e-05	3.49617e-06	100.223
0.42	0.1	11.2667	0.999907	2.82706e-05	1.65239e-05	4.9894e-06	133.083
0.42	0.1	11.6333	0.999913	2.38263e-05	1.49994e-05	4.074e-06	100.855
0.42	0.1	12	0.999888	2.95692e-05	1.85218e-05	4.89413e-06	121.949
0.42	0.18	1	1	nan	0	nan	nan
0.42	0.18	1.36667	1	nan	0	nan	nan
0.42	0.18	1.73333	1	nan	0	nan	nan
0.42	0.18	2.1	1	nan	0	nan	nan
0.42	0.18	2.46667	1	nan	0	nan	nan
0.42	0.18	2.83333	1	nan	0	nan	nan
0.42	0.18	3.2	1	nan	0	nan	nan
0.42	0.18	3.56667	1	nan	0	nan	nan
0.42	0.18	3.93333	1	nan	0	nan	nan
0.42	0.18	4.3	0.999998	3.28443e-06	1.08019e-06	1.52742e-06	71.9966
0.42	0.18	4.66667	0.999999	1.82473e-06	5.52973e-07	7.81965e-07	39.999
0.42	0.18	5.03333	0.999997	2.55528e-06	1.1535e-06	1.01516e-06	34.8631
0.42	0.18	5.4	0.999989	6.38446e-06	4.09656e-06	2.36299e-06	57.1211
0.42	0.18	5.76667	0.999954	2.00085e-05	1.60983e-05	6.91937e-06	133.686
0.42	0.18	6.13333	0.999918	2.68593e-05	2.67758e-05	8.71377e-06	136.18
0.42	0.18	6.5	0.999903	2.7461e-05	2.99642e-05	8.48216e-06	120.027
0.42	0.18	6.86667	0.99984	3.28723e-05	4.64372e-05	9.56077e-06	105.054
0.42	0.18	7.23333	0.999656	5.20182e-05	9.41464e-05	1.41173e-05	123.177
0.42	0.18	7.6	0.999418	7.15363e-05	0.000152374	1.88848e-05	136.99
0.42	0.18	7.96667	0.999291	7.49147e-05	0.000178358	1.92613e-05	122.441
0.42	0.18	8.33333	0.998933	9.18435e-05	0.0002542	2.25563e-05	123.443
0.42	0.18	8.7	0.998458	0.00011291	0.00034952	2.61998e-05	129.968
0.42	0.18	9.06667	0.997912	0.000130594	0.000461596	3.08086e-05	126.327
0.42	0.18	9.43333	0.997362	0.000150982	0.000564356	3.52511e-05	132.738
0.42	0.18	9.8	0.996623	0.000167968	0.000703488	4.03539e-05	126.862
0.42	0.18	10.1667	0.995914	0.000181863	0.000817499	4.27805e-05	123.363
0.42	0.18	10.5333	0.994994	0.000201163	0.000974732	4.66408e-05	122.182
0.42	0.18	10.9	0.993731	0.000241979	0.00119718	5.79367e-05	139.102
0.42	0.18	11.2667	0.99243	0.000257566	0.00142985	6.51504e-05	127.66
0.42	0.18	11.6333	0.990741	0.0002932	0.00171885	7.55455e-05	133.274
0.42	0.18	12	0.988889	0.000333013	0.00199173	8.33905e-05	143.837
0.42	0.26	1	1	nan	0	nan	nan
0.42	0.26	1.36667	1	nan	0	nan	nan
0.42	0.26	1.73333	1	nan	0	nan	nan
0.42	0.26	2.1	1	nan	0	nan	nan
0.42	0.26	2.46667	0.999993	6.42878e-06	5.413e-06	5.21036e-06	95.9555
0.42	0.26	2.83333	0.999984	1.04098e-05	1.13113e-05	7.34081e-06	104.819
0.42	0.26	3.2	0.999912	2.77125e-05	5.47096e-05	1.7226e-05	135.987
0.42	0.26	3.56667	0.999798	4.05244e-05	0.000112491	2.24616e-05	126.886
0.42	0.26	3.93333	0.999518	6.25827e-05	0.000244324	3.19719e-05	126.341
0.42	0.26	4.3	0.99907	8.32921e-05	0.000424421	3.77411e-05	117.843
0.42	0.26	4.66667	0.99816	0.000128923	0.000802449	6.11625e-05	137.593
0.42	0.26	5.03333	0.997072	0.00015567	0.00117477	7.11933e-05	127.046
0.42	0.26	5.4	0.995398	0.000194111	0.0017225	8.38249e-05	125.576
0.42	0.26	5.76667	0.993458	0.00024007	0.00240127	0.000115864	129.024
0.42	0.26	6.13333	0.99101	0.000290376	0.00308166	0.00013339	138.293
0.42	0.26	6.5	0.987547	0.000337063	0.00416523	0.00016311	130.086
0.42	0.26	6.86667	0.983181	0.000403586	0.00534287	0.000195818	137.63
0.42	0.26	7.23333	0.978577	0.000460921	0.00662443	0.00022785	137.445
0.42	0.26	7.6	0.972762	0.000565352	0.00833381	0.000304115	156.438
0.42	0.26	7.96667	0.966726	0.0006062	0.0100277	0.000353989	142.599
0.42	0.26	8.33333	0.958468	0.000676802	0.01191	0.000385288	143.072
0.42	0.26	8.7	0.950547	0.000761641	0.0141547	0.000476894	146.03
0.42	0.26	9.06667	0.940039	0.000906897	0.0171031	0.000609348	164.42
0.42	0.26	9.43333	0.92951	0.00105342	0.0196873	0.000708143	185.232
0.42	0.26	9.8	0.917151	0.00113686	0.023806	0.000873833	171.735
0.42	0.26	10.1667	0.905082	0.0012362	0.026543	0.00101843	175.554
0.42	0.26	10.5333	0.890636	0.00141134	0.0319938	0.00133137	183.229
0.42	0.26	10.9	0.871913	0.00194853	0.0404494	0.0035701	274.479
0.42	0.26	11.2667	0.852598	0.0738056	3.94163	1.20142	317236
0.42	0.26	11.6333	0.829763	0.0533328	3.3305	1.2293	128736
0.42	0.26	12	0.805731	0.0817878	3.41767	0.647703	251403
0.42	0.34	1	0.99999	8.9746e-06	1.98004e-05	1.79382e-05	126.101
0.42	0.34	1.36667	0.999878	2.75309e-05	0.000177487	3.9985e-05	96.8668
0.42	0.34	1.73333	0.999485	6.18297e-05	0.000591712	7.16434e-05	115.548
0.42	0.34	2.1	0.998327	0.00012024	0.00161689	0.000124104	131.996
0.42	0.34	2.46667	0.995763	0.000191844	0.00355077	0.0001899	130.264
0.42	0.34	2.83333	0.991412	0.000294896	0.00646928	0.000296562	147.077
0.42	0.34	3.2	0.984773	0.000423915	0.0108225	0.000481575	160.857
0.42	0.34	3.56667	0.975557	0.000531481	0.0167111	0.000644313	146.916
0.42	0.34	3.93333	0.963474	0.000665445	0.0227571	0.000856466	153.359
0.42	0.34	4.3	0.946387	0.000850533	0.0331015	0.00130776	157.553
0.42	0.34	4.66667	0.925971	0.00110535	0.0458751	0.00180717	176.92
0.42	0.34	5.03333	0.882593	0.107587	9.65719	2.59304	339778
0.42	0.34	5.4	0.850647	0.0741994	7.08919	3.54052	146174
0.42	0.34	5.76667	0.773077	0.0525923	6.89778	0.64279	31484.7
0.42	0.34	6.13333	0.716095	0.0498584	5.15623	0.872474	25197.7
0.42	0.34	6.5	0.637295	0.0363473	4.44544	0.364474	11024.1
0.42	0.34	6.86667	0.535464	0.0288913	3.20851	0.253371	6078.88
0.42	0.34	7.23333	0.47596	0.0221903	2.5042	0.175634	3747.18
0.42	0.34	7.6	0.408789	0.0163571	1.84107	0.115903	2234.69
0.42	0.34	7.96667	0.368317	0.0131191	1.45799	0.0828343	1657.47
0.42	0.34	8.33333	0.32819	0.0104101	1.1341	0.0589659	1206.05
0.42	0.34	8.7	0.298593	0.00912513	0.919089	0.0466974	1045.76
0.42	0.34	9.06667	0.280962	0.00812135	0.789124	0.0385103	904.515
0.42	0.34	9.43333	0.258479	0.00605348	0.643518	0.0257087	589.139
0.42	0.34	9.8	0.239682	0.00560152	0.541752	0.0219629	555.172
0.42	0.34	10.1667	0.228119	0.00497652	0.480511	0.0184181	462.781
0.42	0.34	10.5333	0.214849	0.00449512	0.410743	0.0151687	425.291
0.42	0.34	10.9	0.20594	0.0039563	0.367728	0.0125593	351.922
0.42	0.34	11.2667	0.200297	0.0038816	0.337083	0.0116333	355.479
0.42	0.34	11.6333	0.193835	0.00348114	0.307534	0.00983708	300.943
0.42	0.34	12	0.189066	0.00319427	0.282159	0.00848378	270.306
0.42	0.42	1	0.986355	0.000371852	0.025868	0.00168998	165.707
0.42	0.42	1.36667	0.0582923	0.00161634	0.236487	0.011243	560.889
0.42	0.42	1.73333	0.0797529	0.019282	0.759278	0.637238	12451.8
0.42	0.42	2.1	0.0730449	0.0014889	0.240197	0.00899087	334.315
0.42	0.42	2.46667	0.0835177	0.00183988	0.268613	0.01118	396.526
0.42	0.42	2.83333	0.0965908	0.0081145	0.39246	0.104084	3817.66
0.42	0.42	3.2	0.0995943	0.00203612	0.296412	0.0115895	338.671
0.42	0.42	3.56667	0.114317	0.00454986	0.411225	0.041697	964.001
0.42	0.42	3.93333	0.12644	0.00518767	0.444139	0.0405038	1102.53
0.42	0.42	4.3	0.144115	0.00607266	0.535213	0.0473311	1123.78
0.42	0.42	4.66667	0.15448	0.00422888	0.540844	0.0292652	529.176
0.42	0.42	5.03333	0.168214	0.00504486	0.578789	0.0329183	680.731
0.42	0.42	5.4	0.174197	0.00462756	0.562179	0.0277227	571.848
0.42	0.42	5.76667	0.172907	0.00380697	0.508914	0.0205525	414.303
0.42	0.42	6.13333	0.17029	0.00328709	0.459363	0.0162482	327.483
0.42	0.42	6.5	0.16782	0.00312889	0.419914	0.0141807	308.628
0.42	0.42	6.86667	0.163397	0.00295159	0.376712	0.0123783	289.927
0.42	0.42	7.23333	0.158959	0.00267305	0.337494	0.0102773	253.049
0.42	0.42	7.6	0.15775	0.0024718	0.317044	0.00902089	218.446
0.42	0.42	7.96667	0.153554	0.00234833	0.286499	0.00796799	208.087
0.42	0.42	8.33333	0.149551	0.00235408	0.261168	0.00752123	217.436
0.42	0.42	8.7	0.146995	0.00215177	0.241431	0.00652648	188.422
0.42	0.42	9.06667	0.143126	0.00194965	0.218755	0.00541037	165.166
0.42	0.42	9.43333	0.142059	0.00187753	0.207265	0.00504175	155.22
0.42	0.42	9.8	0.138934	0.00189462	0.190767	0.00474313	165.395
0.42	0.42	10.1667	0.137955	0.00177093	0.181355	0.00427404	146.396
0.42	0.42	10.5333	0.135046	0.00167743	0.168244	0.00381161	135.933
0.42	0.42	10.9	0.133633	0.00163148	0.159155	0.00354246	131.467
0.42	0.42	11.2667	0.131812	0.00158023	0.149905	0.00329412	126.524
0.42	0.42	11.6333	0.131908	0.00162476	0.145386	0.00329822	133.577
0.42	0.42	12	0.132013	0.00163428	0.14059	0.00319621	136.455
0.42	0.5	1	0.0602892	0.0017414	0.338691	0.0177522	802.087
0.42	0.5	1.36667	0.0710271	0.0022194	0.377654	0.0234896	745.771
0.42	0.5	1.73333	0.0853293	0.00229334	0.428566	0.0223832	523.583
0.42	0.5	2.1	0.103133	0.00604496	0.522584	0.0630345	2463.05
0.42	0.5	2.46667	0.124103	0.00472453	0.658565	0.0517157	1030.84
0.42	0.5	2.83333	0.137415	0.00452817	0.687258	0.0447447	816.215
0.42	0.5	3.2	0.149587	0.00404375	0.712067	0.0369912	568.707
0.42	0.5	3.56667	0.157339	0.00392354	0.689961	0.0320098	515.344
0.42	0.5	3.93333	0.154208	0.00308486	0.589981	0.0216107	348.409
0.42	0.5	4.3	0.149539	0.00268163	0.507158	0.0168046	280.006
0.42	0.5	4.66667	0.148705	0.00257326	0.460293	0.0145121	264.055
0.42	0.5	5.03333	0.144282	0.00229439	0.400199	0.0115779	225.448
0.42	0.5	5.4	0.141542	0.00211434	0.359878	0.00987131	197.531
0.42	0.5	5.76667	0.139824	0.00197944	0.32958	0.00856137	176.394
0.42	0.5	6.13333	0.136474	0.00192923	0.294246	0.00763358	177.448
0.42	0.5	6.5	0.131813	0.00170198	0.2603	0.00616734	146.075
0.42	0.5	6.86667	0.132792	0.00171451	0.249031	0.00590741	147.704
0.42	0.5	7.23333	0.128927	0.00163586	0.22346	0.00519197	141.606
0.42	0.5	7.6	0.127414	0.00158153	0.208176	0.00474568	134.692
0.42	0.5	7.96667	0.125896	0.00155026	0.193354	0.00435017	133.564
0.42	0.5	8.33333	0.124553	0.00149977	0.181614	0.00402789	126.307
0.42	0.5	8.7	0.122141	0.00156706	0.168252	0.00396076	141.262
0.42	0.5	9.06667	0.12214	0.00137901	0.160047	0.00330141	112.012
0.42	0.5	9.43333	0.12229	0.00136503	0.154334	0.00317557	109.257
0.42	0.5	9.8	0.120427	0.00135501	0.144762	0.00299737	109.559
0.42	0.5	10.1667	0.118664	0.00131514	0.135033	0.00275121	107.264
0.42	0.5	10.5333	0.119055	0.00134864	0.131764	0.00275669	110.722
0.42	0.5	10.9	0.118051	0.00129493	0.12511	0.00252523	103.992
0.42	0.5	11.2667	0.117075	0.00121558	0.118455	0.00224436	94.4869
0.42	0.5	11.6333	0.116124	0.00123033	0.113025	0.00219624	97.9985
0.42	0.5	12	0.115892	0.00115348	0.108913	0.00198772	86.9504
0.5	0.1	1	1	nan	0	nan	nan
0.5	0.1	1.36667	1	nan	0	nan	nan
0.5	0.1	1.73333	1	nan	0	nan	nan
0.5	0.1	2.1	1	nan	0	nan	nan
0.5	0.1	2.46667	1	nan	0	nan	nan
0.5	0.1	2.83333	1	nan	0	nan	nan
0.5	0.1	3.2	1	nan	0	nan	nan
0.5	0.1	3.56667	1	nan	0	nan	nan
0.5	0.1	3.93333	1	nan	0	nan	nan
0.5	0.1	4.3	1	nan	0	nan	nan
0.5	0.1	4.66667	1	nan	0	nan	nan
0.5	0.1	5.03333	1	nan	0	nan	nan
0.5	0.1	5.4	1	nan	0	nan	nan
0.5	0.1	5.76667	1	nan	0	nan	nan
0.5	0.1	6.13333	1	nan	0	nan	nan
0.5	0.1	6.5	1	nan	0	nan	nan
0.5	0.1	6.86667	1	nan	0	nan	nan
0.5	0.1	7.23333	1	nan	0	nan	nan
0.5	0.1	7.6	1	nan	0	nan	nan
0.5	0.1	7.96667	1	nan	0	nan	nan
0.5	0.1	8.33333	1	nan	0	nan	nan
0.5	0.1	8.7	1	nan	0	nan	nan
0.5	0.1	9.06667	1	nan	0	nan	nan
0.5	0.1	9.43333	1	nan	0	nan	nan
0.5	0.1	9.8	1	nan	0	nan	nan
0.5	0.1	10.1667	1	nan	0	nan	nan
0.5	0.1	10.5333	0.999997	2.71145e-06	5.11554e-07	5.14732e-07	49.1189
0.5	0.1	10.9	0.999992	6.10651e-06	1.54897e-06	1.11978e-06	79.5097
0.5	0.1	11.2667	0.999977	1.17624e-05	4.11392e-06	2.08451e-06	107.459
0.5	0.1	11.6333	0.999965	1.54264e-05	5.98579e-06	2.64545e-06	123.029
0.5	0.1	12	0.999952	1.83064e-05	8.01386e-06	3.04049e-06	125.455
0.5	0.18	1	1	nan	0	nan	nan
0.5	0.18	1.36667	1	nan	0	nan	nan
0.5	0.18	1.73333	1	nan	0	nan	nan
0.5	0.18	2.1	1	nan	0	nan	nan
0.5	0.18	2.46667	1	nan	0	nan	nan
0.5	0.18	2.83333	1	nan	0	nan	nan
0.5	0.18	3.2	1	nan	0	nan	nan
0.5	0.18	3.56667	1	nan	0	nan	nan
0.5	0.18	3.93333	1	nan	0	nan	nan
0.5	0.18	4.3	1	nan	0	nan	nan
0.5	0.18	4.66667	1	nan	0	nan	nan
0.5	0.18	5.03333	1	nan	0	nan	nan
0.5	0.18	5.4	0.999998	2.82826e-06	7.40687e-07	1.04735e-06	71.9966
0.5	0.18	5.76667	0.999996	2.9584e-06	1.24261e-06	1.02577e-06	43.9698
0.5	0.18	6.13333	0.999983	1.08407e-05	5.65769e-06	3.53058e-06	121.921
0.5	0.18	6.5	0.999968	1.37703e-05	9.86892e-06	4.22722e-06	106.416
0.5	0.18	6.86667	0.999947	1.79689e-05	1.55203e-05	5.21354e-06	109.069
0.5	0.18	7.23333	0.999919	2.26211e-05	2.23845e-05	6.21812e-06	113.775
0.5	0.18	7.6	0.999863	3.26574e-05	3.58748e-05	8.50929e-06	140.82
0.5	0.18	7.96667	0.999774	4.04966e-05	5.62201e-05	1.00089e-05	131.817
0.5	0.18	8.33333	0.999707	4.97054e-05	6.9658e-05	1.17119e-05	153.221
0.5	0.18	8.7	0.999564	6.05498e-05	0.000101629	1.46997e-05	149.276
0.5	0.18	9.06667	0.999335	7.72986e-05	0.000146237	1.72779e-05	162.234
0.5	0.18	9.43333	0.999058	9.07004e-05	0.000201043	2.02848e-05	156.159
0.5	0.18	9.8	0.998802	0.000100483	0.000248191	2.26301e-05	149.443
0.5	0.18	10.1667	0.998454	0.000119252	0.000305599	2.53821e-05	164.779
0.5	0.18	10.5333	0.998036	0.000131407	0.000378383	2.77404e-05	155.971
0.5	0.18	10.9	0.997456	0.000144968	0.000466918	2.90885e-05	148.656
0.5	0.18	11.2667	0.996911	0.000164404	0.00055629	3.34892e-05	155.249
0.5	0.18	11.6333	0.996295	0.000171787	0.000642485	3.35526e-05	142.14
0.5	0.18	12	0.995579	0.000194071	0.000762513	4.01546e-05	148.182
0.5	0.26	1	1	nan	0	nan	nan
0.5	0.26	1.36667	1	nan	0	nan	nan
0.5	0.26	1.73333	1	nan	0	nan	nan
0.5	0.26	2.1	1	nan	0	nan	nan
0.5	0.26	2.46667	1	nan	0	nan	nan
0.5	0.26	2.83333	0.999992	8.84471e-06	5.97857e-06	6.23952e-06	166.255
0.5	0.26	3.2	0.999988	6.88995e-06	7.30595e-06	4.30259e-06	73.0984
0.5	0.26	3.56667	0.999952	1.91826e-05	2.69936e-05	1.07193e-05	137.593
0.5	0.26	3.93333	0.999859	3.07941e-05	7.12614e-05	1.55179e-05	121.793
0.5	0.26	4.3	0.999701	4.79016e-05	0.000138976	2.23659e-05	138.227
0.5	0.26	4.66667	0.999393	6.97553e-05	0.000258799	3.01202e-05	145.04
0.5	0.26	5.03333	0.998972	9.25346e-05	0.000410802	3.87953e-05	149.081
0.5	0.26	5.4	0.998279	0.000119584	0.000636614	4.65542e-05	149.753
0.5	0.26	5.76667	0.997229	0.000153948	0.000979668	6.16794e-05	151.024
0.5	0.26	6.13333	0.996324	0.000169329	0.00122031	6.41884e-05	137.911
0.5	0.26	6.5	0.994741	0.000204302	0.0016605	8.1585e-05	139.217
0.5	0.26	6.86667	0.992932	0.000246035	0.00215077	9.98862e-05	147.557
0.5	0.26	7.23333	0.99046	0.000296835	0.00281855	0.000123272	155.585
0.5	0.26	7.6	0.987159	0.000348522	0.00366592	0.000149662	156.952
0.5	0.26	7.96667	0.984249	0.000374677	0.00419783	0.000153799	151.117
0.5	0.26	8.33333	0.980061	0.000425712	0.00525822	0.000185274	148.894
0.5	0.26	8.7	0.975597	0.000497706	0.0062977	0.000220083	162.76
0.5	0.26	9.06667	0.970269	0.000548018	0.00753072	0.000249056	158.346
0.5	0.26	9.43333	0.96399	0.000608557	0.00880178	0.000287813	160.572
0.5	0.26	9.8	0.957528	0.000690877	0.010319	0.000362211	169.919
0.5	0.26	10.1667	0.950081	0.000751449	0.0118757	0.000400549	168.37
0.5	0.26	10.5333	0.941652	0.000860814	0.0142996	0.000493627	177.106
0.5	0.26	10.9	0.932829	0.000962866	0.0161643	0.000579446	189.43
0.5	0.26	11.2667	0.9231	0.00100711	0.0180485	0.000608725	179.562
0.5	0.26	11.6333	0.910698	0.00116708	0.0212364	0.000767948	198.481
0.5	0.26	12	0.898914	0.00135059	0.0250822	0.00126607	218.174
0.5	0.34	1	1	nan	0	nan	nan
0.5	0.34	1.36667	0.999983	1.07462e-05	2.44162e-05	1.57073e-05	124.587
0.5	0.34	1.73333	0.999831	3.84319e-05	0.000194812	4.47607e-05	157.467
0.5	0.34	2.1	0.99943	6.96863e-05	0.00054906	6.98032e-05	151.621
0.5	0.34	2.46667	0.998367	0.000112202	0.00134526	0.000100141	136.58
0.5	0.34	2.83333	0.996393	0.000184141	0.00272131	0.000175971	158.318
0.5	0.34	3.2	0.993478	0.000234333	0.00444138	0.00021265	139.092
0.5	0.34	3.56667	0.988163	0.000337956	0.00726797	0.000304234	158.616
0.5	0.34	3.93333	0.981068	0.000440413	0.0110572	0.000421192	160.552
0.5	0.34	4.3	0.971949	0.000556617	0.0158288	0.000611586	163.87
0.5	0.34	4.66667	0.960619	0.000744686	0.0221885	0.00093347	192.803
0.5	0.34	5.03333	0.945498	0.000907099	0.0296002	0.00114203	198.821
0.5	0.34	5.4	0.929208	0.00108	0.0375168	0.00163283	207.268
0.5	0.34	5.76667	0.903315	0.00435091	0.0809099	0.0323874	1569.71
0.5	0.34	6.13333	0.879693	0.0017075	0.0666006	0.00319333	256.952
0.5	0.34	6.5	0.846048	0.044463	3.25098	3.49942	99934.3
0.5	0.34	6.86667	0.799972	0.0483956	3.61301	2.41005	61869
0.5	0.34	7.23333	0.746682	0.0906139	4.78832	2.53534	149286
0.5	0.34	7.6	0.656296	0.0776313	4.52254	0.809307	63099.2
0.5	0.34	7.96667	0.602067	0.0362791	3.43286	0.439852	13120.7
0.5	0.34	8.33333	0.52658	0.0258742	2.88368	0.215968	5857.79
0.5	0.34	8.7	0.463811	0.0233954	2.23894	0.174287	4873.05
0.5	0.34	9.06667	0.414153	0.0185936	1.76444	0.124989	3393.63
0.5	0.34	9.43333	0.363943	0.0142779	1.36685	0.0857368	2180.5
0.5	0.34	9.8	0.32909	0.0114838	1.10198	0.063008	1574.54
0.5	0.34	10.1667	0.306367	0.00996958	0.938964	0.0510548	1278.88
0.5	0.34	10.5333	0.275877	0.00804943	0.752513	0.0372395	951.463
0.5	0.34	10.9	0.258289	0.00732115	0.640212	0.03101	885.479
0.5	0.34	11.2667	0.241463	0.00677217	0.551018	0.0267109	820.854
0.5	0.34	11.6333	0.23084	0.00605683	0.492448	0.0225373	696.103
0.5	0.34	12	0.21492	0.00499395	0.417595	0.0170538	532.485
0.5	0.42	1	0.146056	0.00148015	0.0991867	0.0121859	906.417
0.5	0.42	1.36667	0.130729	0.00450069	0.254688	0.0589407	3708.42
0.5	0.42	1.73333	0.113058	0.004106	0.309625	0.0390701	2175.02
0.5	0.42	2.1	0.111976	0.00576439	0.480643	0.0639447	3298.03
0.5	0.42	2.46667	0.107452	0.00525814	0.417411	0.0496366	2544.48
0.5	0.42	2.83333	0.107196	0.00403021	0.407722	0.032988	1366.54
0.5	0.42	3.2	0.117407	0.0101236	0.574052	0.152482	4308
0.5	0.42	3.56667	0.118766	0.00627998	0.507318	0.0718546	1771.95
0.5	0.42	3.93333	0.140225	0.00875327	0.675943	0.0964045	2193.91
0.5	0.42	4.3	0.138398	0.00608186	0.572896	0.0566428	1227.75
0.5	0.42	4.66667	0.151185	0.00695729	0.629726	0.0608772	1343.99
0.5	0.42	5.03333	0.17379	0.00747732	0.75762	0.0631531	1216.74
0.5	0.42	5.4	0.174749	0.0066422	0.686678	0.0492453	1052.26
0.5	0.42	5.76667	0.174757	0.00526047	0.626472	0.0353995	704.035
0.5	0.42	6.13333	0.173211	0.00510001	0.564729	0.0305828	718.13
0.5	0.42	6.5	0.174595	0.00462854	0.528087	0.0254241	622.614
0.5	0.42	6.86667	0.170764	0.00402382	0.480776	0.0207441	484.792
0.5	0.42	7.23333	0.165268	0.00354848	0.421269	0.0163737	419.392
0.5	0.42	7.6	0.161149	0.00339079	0.386021	0.014836	388.816
0.5	0.42	7.96667	0.156456	0.00303061	0.346585	0.0122694	331.082
0.5	0.42	8.33333	0.152702	0.00278423	0.313958	0.0104469	297.442
0.5	0.42	8.7	0.148272	0.00257122	0.284284	0.00902956	267.298
0.5	0.42	9.06667	0.146383	0.00250322	0.265642	0.00828131	260.562
0.5	0.42	9.43333	0.141893	0.00225334	0.239181	0.0069262	226.604
0.5	0.42	9.8	0.139314	0.00228937	0.222785	0.00668782	240.047
0.5	0.42	10.1667	0.137384	0.00216666	0.209671	0.00607329	218.71
0.5	0.42	10.5333	0.135057	0.00215299	0.195285	0.0057272	224.378
0.5	0.42	10.9	0.131335	0.00189134	0.177765	0.00469582	184.847
0.5	0.42	11.2667	0.129433	0.00178934	0.167968	0.00426975	167.845
0.5	0.42	11.6333	0.127111	0.00172997	0.157241	0.0039683	161.758
0.5	0.42	12	0.127823	0.00170501	0.153332	0.00373015	157.636
0.5	0.5	1	0.0850569	0.00271976	0.478715	0.0314517	1195.17
0.5	0.5	1.36667	0.0872978	0.00332138	0.485487	0.0375065	1298.72
0.5	0.5	1.73333	0.0951141	0.00366155	0.481599	0.0397201	1282.09
0.5	0.5	2.1	0.109677	0.00691187	0.650046	0.0926894	3049.52
0.5	0.5	2.46667	0.11469	0.00484155	0.636638	0.0561989	1351.38
0.5	0.5	2.83333	0.128163	0.00540523	0.711069	0.0627829	1262.59
0.5	0.5	3.2	0.135061	0.00430006	0.678761	0.043054	772.125
0.5	0.5	3.56667	0.146843	0.00504762	0.713954	0.0471207	922.835
0.5	0.5	3.93333	0.150643	0.00451477	0.667101	0.0375383	737.673
0.5	0.5	4.3	0.151178	0.00374169	0.603965	0.0275438	529.132
0.5	0.5	4.66667	0.149526	0.00309032	0.544313	0.0206785	369.364
0.5	0.5	5.03333	0.145367	0.00274564	0.471847	0.0163615	316.971
0.5	0.5	5.4	0.142935	0.00263373	0.424423	0.0142469	304.201
0.5	0.5	5.76667	0.139905	0.00239584	0.380322	0.0118165	263.603
0.5	0.5	6.13333	0.134133	0.00215924	0.328444	0.009616	233.259
0.5	0.5	6.5	0.133556	0.00210831	0.308955	0.008969	221.043
0.5	0.5	6.86667	0.129868	0.00195543	0.276465	0.00762028	201.209
0.5	0.5	7.23333	0.126332	0.00195951	0.248053	0.00704926	214.209
0.5	0.5	7.6	0.125514	0.00179816	0.233226	0.00611544	182.315
0.5	0.5	7.96667	0.123544	0.00170796	0.216696	0.00553263	167.38
0.5	0.5	8.33333	0.121163	0.00157687	0.199214	0.00477483	148.391
0.5	0.5	8.7	0.119303	0.00152462	0.184497	0.00431631	144.157
0.5	0.5	9.06667	0.118778	0.00154573	0.175326	0.00419296	149.879
0.5	0.5	9.43333	0.117744	0.00143353	0.165302	0.00368501	131.765
0.5	0.5	9.8	0.114641	0.00143213	0.15166	0.00348172	136.733
0.5	0.5	10.1667	0.114237	0.00144342	0.145745	0.00340462	138.306
0.5	0.5	10.5333	0.114723	0.00138977	0.141476	0.00313805	128.139
0.5	0.5	10.9	0.112625	0.00135505	0.132087	0.00291746	125.494
0.5	0.5	11.2667	0.11302	0.00136005	0.128022	0.00283611	127.311
0.5	0.5	11.6333	0.11027	0.0013129	0.118666	0.002614	122.862
0.5	0.5	12	0.111317	0.00129035	0.117276	0.00249568	116.361
