# doping	kf	T	Mabs	Mabs_err	Chi	Chi_err	Tau
0.1	0.1	1	1	0	17	0	1
0.1	0.1	1.36667	1	0	12.439	0	1
0.1	0.1	1.73333	1	0	9.80769	7.94411e-17	1
0.1	0.1	2.1	1	0	8.09524	7.94411e-17	1
0.1	0.1	2.46667	1	0	6.89189	1.58882e-16	1
0.1	0.1	2.83333	1	0	6	0	1
0.1	0.1	3.2	0.999882	0.000166295	5.31132	0.00166233	1
0.1	0.1	3.56667	0.999529	0.00033209	4.76213	0.0029795	1
0.1	0.1	3.93333	0.999294	0.000406317	4.31629	0.0033048	1
0.1	0.1	4.3	0.997176	0.000838915	3.93259	0.00618387	1
0.1	0.1	4.66667	0.996353	0.000911882	3.61779	0.00638416	1
0.1	0.1	5.03333	0.994588	0.00115131	3.34323	0.00727297	1
0.1	0.1	5.4	0.990471	0.00170031	3.09297	0.00943747	1
0.1	0.1	5.76667	0.988471	0.00169996	2.88465	0.00922408	1
0.1	0.1	6.13333	0.984	0.00221667	2.69056	0.0108363	1
0.1	0.1	6.5	0.979176	0.00242062	2.515	0.0115736	1
0.1	0.1	6.86667	0.969294	0.00354849	2.34143	0.0142266	1
0.1	0.1	7.23333	0.964	0.00337039	2.19731	0.0136023	1
0.1	0.1	7.6	0.946118	0.00456324	2.02548	0.0164833	1
0.1	0.1	7.96667	0.932706	0.00510327	1.884	0.0174657	1
0.1	0.1	8.33333	0.918588	0.00573253	1.75441	0.0183161	1
0.1	0.1	8.7	0.892471	0.00687728	1.60183	0.0200196	1
0.1	0.1	9.06667	0.883647	0.00688186	1.50783	0.0195796	1
0.1	0.1	9.43333	0.858824	0.00810997	1.38841	0.0208079	1
0.1	0.1	9.8	0.837176	0.0089079	1.28457	0.0211813	1
0.1	0.1	10.1667	0.812353	0.00934828	1.17618	0.0209243	1
0.1	0.1	10.5333	0.786353	0.0104648	1.08631	0.0216029	1
0.1	0.1	10.9	0.755294	0.0108868	0.981842	0.021524	1
0.1	0.1	11.2667	0.722706	0.0108204	0.875346	0.0205743	1
0.1	0.1	11.6333	0.696588	0.0114206	0.804347	0.020324	1
0.1	0.1	12	0.674471	0.0115638	0.738956	0.0196298	1
0.1	0.18	1	1	0	17	0	1
0.1	0.18	1.36667	1	0	12.439	0	1
0.1	0.18	1.73333	0.999882	0.000166295	9.80552	0.00306891	1
0.1	0.18	2.1	0.999529	0.00033209	8.08807	0.00505852	1
0.1	0.18	2.46667	0.995647	0.000993139	6.83539	0.0129428	1
0.1	0.18	2.83333	0.993059	0.00126183	5.92175	0.0142303	1
0.1	0.18	3.2	0.986	0.00185896	5.17396	0.0182362	1
0.1	0.18	3.56667	0.973765	0.00288785	4.53941	0.0241165	1
0.1	0.18	3.93333	0.964	0.0033124	4.03942	0.0252212	1
0.1	0.18	4.3	0.941294	0.00448295	3.54234	0.0293098	1
0.1	0.18	4.66667	0.917765	0.00555413	3.12454	0.031137	1
0.1	0.18	5.03333	0.878941	0.00718738	2.69589	0.0360892	1
0.1	0.18	5.4	0.840706	0.00882068	2.34652	0.0381598	1
0.1	0.18	5.76667	0.792824	0.00966409	1.99066	0.0377774	1
0.1	0.18	6.13333	0.766118	0.00975528	1.75872	0.0355389	1
0.1	0.18	6.5	0.690118	0.0116203	1.42166	0.0368274	1
0.1	0.18	6.86667	0.640353	0.0120962	1.19579	0.034858	1
0.1	0.18	7.23333	0.601647	0.0125844	1.0368	0.0333231	1
0.1	0.18	7.6	0.574	0.0124299	0.909105	0.0303735	1
0.1	0.18	7.96667	0.530588	0.0119675	0.75353	0.0273377	1
0.1	0.18	8.33333	0.497765	0.0125576	0.663889	0.026512	1
0.1	0.18	8.7	0.486471	0.0120802	0.603471	0.0247058	1
0.1	0.18	9.06667	0.44	0.0119496	0.495746	0.0217513	1
0.1	0.18	9.43333	0.427412	0.0130507	0.449582	0.0222793	1.27458
0.1	0.18	9.8	0.385176	0.0130344	0.367487	0.0208639	1.33803
0.1	0.18	10.1667	0.394	0.0134826	0.362099	0.0208164	1.48162
0.1	0.18	10.5333	0.384235	0.013836	0.329274	0.0204393	1.67235
0.1	0.18	10.9	0.365529	0.0149763	0.298653	0.0204463	1.92525
0.1	0.18	11.2667	0.364353	0.0156483	0.293578	0.0210653	1.97869
0.1	0.18	11.6333	0.338706	0.0157553	0.24882	0.0201765	2.23323
0.1	0.18	12	0.341647	0.0147305	0.239964	0.0173883	2.05915
0.1	0.26	1	0.997176	0.000805242	16.9096	0.0258915	1
0.1	0.26	1.36667	0.988706	0.00181332	12.1801	0.0404101	1
0.1	0.26	1.73333	0.975412	0.00261652	9.36475	0.0459544	1
0.1	0.26	2.1	0.956353	0.0037328	7.46023	0.0518555	1
0.1	0.26	2.46667	0.896353	0.00685356	5.69902	0.0680564	1
0.1	0.26	2.83333	0.832353	0.00889831	4.39285	0.0713431	1
0.1	0.26	3.2	0.733176	0.011039	3.17926	0.073428	1
0.1	0.26	3.56667	0.668	0.0123639	2.48975	0.0690012	1
0.1	0.26	3.93333	0.604353	0.0121914	1.8995	0.059507	1
0.1	0.26	4.3	0.521765	0.0123577	1.37728	0.050857	1
0.1	0.26	4.66667	0.473412	0.0120247	1.07802	0.0442944	1
0.1	0.26	5.03333	0.425176	0.012827	0.834194	0.0412399	1.23186
0.1	0.26	5.4	0.416824	0.0157503	0.737484	0.0463888	1.99185
0.1	0.26	5.76667	0.370706	0.0132556	0.570852	0.0350444	1.54247
0.1	0.26	6.13333	0.343412	0.0138686	0.475192	0.0328466	1.79474
0.1	0.26	6.5	0.340824	0.0152932	0.436574	0.0341062	2.24624
0.1	0.26	6.86667	0.338588	0.0173075	0.420308	0.0367104	2.71678
0.1	0.26	7.23333	0.308824	0.0168191	0.338209	0.0313112	2.89052
0.1	0.26	7.6	0.298353	0.0151371	0.293529	0.0259635	2.65753
0.1	0.26	7.96667	0.292235	0.0174516	0.274051	0.0289104	3.4065
0.1	0.26	8.33333	0.307647	0.0171867	0.283936	0.0277719	3.30795
0.1	0.26	8.7	0.295647	0.0164125	0.244081	0.024251	3.27552
0.1	0.26	9.06667	0.266824	0.0197177	0.19873	0.0260461	5.52043
0.1	0.26	9.43333	0.283176	0.0198491	0.206903	0.0258702	5.32995
0.1	0.26	9.8	0.292235	0.0216738	0.214232	0.0277151	6.16245
0.1	0.26	10.1667	0.264	0.0221967	0.178324	0.0264982	6.62528
0.1	0.26	10.5333	0.247765	0.0157247	0.150031	0.0171904	3.88241
0.1	0.26	10.9	0.262	0.0218649	0.162508	0.0241714	6.58554
0.1	0.26	11.2667	0.254471	0.020435	0.14645	0.0216914	6.45386
0.1	0.26	11.6333	0.257412	0.0209686	0.148779	0.0213486	6.16437
0.1	0.26	12	0.243882	0.0173896	0.128251	0.0169918	4.85805
0.1	0.34	1	0.818353	0.00976976	12.1956	0.21505	1
0.1	0.34	1.36667	0.657294	0.0129811	6.42188	0.185646	1
0.1	0.34	1.73333	0.536706	0.0126208	3.60466	0.132598	1
0.1	0.34	2.1	0.444118	0.0128869	2.26677	0.103345	1
0.1	0.34	2.46667	0.391765	0.0114125	1.50395	0.0733627	1
0.1	0.34	2.83333	0.379882	0.0126728	1.22029	0.0685622	1.33569
0.1	0.34	3.2	0.330471	0.0134221	0.855201	0.060135	1.7201
0.1	0.34	3.56667	0.309059	0.0144864	0.678834	0.0564528	2.23705
0.1	0.34	3.93333	0.301765	0.014466	0.583923	0.0477739	2.37222
0.1	0.34	4.3	0.293176	0.0212997	0.505455	0.0649483	5.39479
0.1	0.34	4.66667	0.278824	0.0166585	0.426685	0.0458827	3.51121
0.1	0.34	5.03333	0.281882	0.0183369	0.403055	0.0465963	4.1103
0.1	0.34	5.4	0.277765	0.0218383	0.360995	0.0498096	6.198
0.1	0.34	5.76667	0.259294	0.0175942	0.29243	0.0352165	4.84018
0.1	0.34	6.13333	0.263176	0.0235595	0.296221	0.0471132	7.21308
0.1	0.34	6.5	0.265059	0.0204004	0.2686	0.0368466	6.39219
0.1	0.34	6.86667	0.244706	0.0182989	0.222781	0.0300421	5.55494
0.1	0.34	7.23333	0.236471	0.0200117	0.199858	0.0310319	6.86969
0.1	0.34	7.6	0.232235	0.0229963	0.18215	0.0333539	9.58399
0.1	0.34	7.96667	0.244588	0.019433	0.193334	0.0281988	6.13479
0.1	0.34	8.33333	0.262235	0.0237434	0.204871	0.0337582	8.90267
0.1	0.34	8.7	0.242235	0.019888	0.163972	0.0249615	7.28078
0.1	0.34	9.06667	0.241412	0.0226519	0.164364	0.0281199	8.71346
0.1	0.34	9.43333	0.247529	0.0234496	0.165461	0.0285357	8.69278
0.1	0.34	9.8	0.232118	0.0241438	0.137117	0.0256338	11.575
0.1	0.34	10.1667	0.215765	0.0225764	0.117535	0.0233651	10.5309
0.1	0.34	10.5333	0.232471	0.0216345	0.127716	0.0221747	8.99655
0.1	0.34	10.9	0.209294	0.0207844	0.10197	0.018393	9.34939
0.1	0.34	11.2667	0.216471	0.0200632	0.106272	0.0179133	8.36487
0.1	0.34	11.6333	0.210353	0.0275581	0.0995916	0.0244196	15.8854
0.1	0.34	12	0.207529	0.0216474	0.0945019	0.0184598	9.68283
0.1	0.42	1	0.291882	0.0100856	2.31286	0.144078	1
0.1	0.42	1.36667	0.290824	0.00982507	1.65191	0.100863	1
0.1	0.42	1.73333	0.294941	0.0128292	1.26456	0.0967761	1.93614
0.1	0.42	2.1	0.299059	0.0132697	1.08638	0.0850418	1.9668
0.1	0.42	2.46667	0.254471	0.0124496	0.673813	0.0596639	2.34719
0.1	0.42	2.83333	0.267765	0.0161267	0.644439	0.0683546	3.6193
0.1	0.42	3.2	0.246941	0.0149304	0.486956	0.0541417	3.62056
0.1	0.42	3.56667	0.241882	0.0146101	0.415743	0.0471529	3.64959
0.1	0.42	3.93333	0.240588	0.0163785	0.373381	0.0461224	4.42504
0.1	0.42	4.3	0.225882	0.0152265	0.305619	0.0384727	4.32259
0.1	0.42	4.66667	0.227647	0.019271	0.287492	0.0460382	6.83164
0.1	0.42	5.03333	0.229647	0.0181181	0.269531	0.0391556	6.06361
0.1	0.42	5.4	0.220235	0.0174291	0.229921	0.033875	6.12509
0.1	0.42	5.76667	0.214	0.0200363	0.203624	0.0362698	8.61587
0.1	0.42	6.13333	0.234	0.0202248	0.227194	0.0359823	7.47849
0.1	0.42	6.5	0.217647	0.0231095	0.182457	0.0349498	11.8105
0.1	0.42	6.86667	0.220118	0.0229357	0.177948	0.0348428	11.1303
0.1	0.42	7.23333	0.226	0.022985	0.180017	0.032655	10.0673
0.1	0.42	7.6	0.202235	0.0155315	0.133157	0.018575	6.17583
0.1	0.42	7.96667	0.224588	0.0220842	0.15848	0.0294826	10.2331
0.1	0.42	8.33333	0.238118	0.0306426	0.177546	0.040068	15.3248
0.1	0.42	8.7	0.184588	0.0164823	0.10095	0.0169061	7.7018
0.1	0.42	9.06667	0.208235	0.0227832	0.123848	0.0254693	11.1015
0.1	0.42	9.43333	0.215882	0.0226612	0.124175	0.0239919	11.1167
0.1	0.42	9.8	0.226118	0.0287426	0.137628	0.032527	14.6014
0.1	0.42	10.1667	0.205647	0.0186966	0.103968	0.0173509	8.4951
0.1	0.42	10.5333	0.223412	0.0232159	0.118139	0.0216926	10.6176
0.1	0.42	10.9	0.195294	0.0182806	0.0898427	0.0160694	8.58381
0.1	0.42	11.2667	0.219647	0.0249457	0.111293	0.0247136	12.1757
0.1	0.42	11.6333	0.242235	0.0254716	0.123219	0.0234855	12.0039
0.1	0.42	12	0.217647	0.0244278	0.102411	0.0207285	11.8345
0.1	0.5	1	0.266941	0.00805112	1.76206	0.0981827	1
0.1	0.5	1.36667	0.269647	0.011956	1.34162	0.106368	2.02606
0.1	0.5	1.73333	0.253059	0.0127334	0.948135	0.0856784	2.4598
0.1	0.5	2.1	0.240588	0.0140155	0.710426	0.075884	3.27017
0.1	0.5	2.46667	0.236	0.0159712	0.574484	0.0716288	4.5349
0.1	0.5	2.83333	0.253529	0.0211727	0.576542	0.0855476	6.53
0.1	0.5	3.2	0.232353	0.0164545	0.419468	0.0547808	5.33491
0.1	0.5	3.56667	0.234824	0.0213872	0.380846	0.0623283	8.93196
0.1	0.5	3.93333	0.214118	0.0156466	0.291842	0.0394444	5.1792
0.1	0.5	4.3	0.233294	0.0221281	0.322155	0.0561601	9.04466
0.1	0.5	4.66667	0.218353	0.023673	0.267767	0.054513	10.842
0.1	0.5	5.03333	0.211294	0.0164358	0.22733	0.0339452	5.95628
0.1	0.5	5.4	0.218118	0.0201577	0.230912	0.0399372	7.77196
0.1	0.5	5.76667	0.201529	0.0238815	0.184671	0.0407577	12.9446
0.1	0.5	6.13333	0.218588	0.0194234	0.201072	0.03309	7.11377
0.1	0.5	6.5	0.216941	0.0233447	0.188455	0.0374249	10.8549
0.1	0.5	6.86667	0.217529	0.0211061	0.17929	0.0331832	8.8557
0.1	0.5	7.23333	0.231529	0.0214656	0.18387	0.0323778	9.11086
0.1	0.5	7.6	0.207176	0.0223018	0.145124	0.0311352	10.4531
0.1	0.5	7.96667	0.213765	0.0196445	0.146255	0.0248823	8.44642
0.1	0.5	8.33333	0.229647	0.0205041	0.156187	0.0246612	8.74005
0.1	0.5	8.7	0.199059	0.0217129	0.120436	0.0259601	10.5317
0.1	0.5	9.06667	0.203882	0.0218751	0.115309	0.0226599	11.4426
0.1	0.5	9.43333	0.212353	0.0209775	0.121097	0.0226371	9.82528
0.1	0.5	9.8	0.213294	0.0226689	0.115934	0.0228695	11.3261
0.1	0.5	10.1667	0.199765	0.0218911	0.101381	0.0221754	11.5197
0.1	0.5	10.5333	0.222	0.0266241	0.12731	0.0288976	11.9033
0.1	0.5	10.9	0.202941	0.021045	0.096328	0.019092	10.6922
0.1	0.5	11.2667	0.208471	0.0201686	0.0974968	0.0175161	9.3003
0.1	0.5	11.6333	0.203176	0.0200984	0.0883918	0.0163627	9.13476
0.1	0.5	12	0.188588	0.0163593	0.0754234	0.0120228	7.51558
0.18	0.1	1	1	0	30	0	1
0.18	0.1	1.36667	1	0	21.9512	1.58882e-16	1
0.18	0.1	1.73333	1	0	17.3077	3.17764e-16	1
0.18	0.1	2.1	1	0	14.2857	7.94411e-17	1
0.18	0.1	2.46667	1	0	12.1622	7.94411e-17	1
0.18	0.1	2.83333	1	0	10.5882	7.94411e-17	1
0.18	0.1	3.2	1	0	9.375	0	1
0.18	0.1	3.56667	1	0	8.41121	7.94411e-17	1
0.18	0.1	3.93333	1	0	7.62712	7.94411e-17	1
0.18	0.1	4.3	1	0	6.97674	7.94411e-17	1
0.18	0.1	4.66667	0.999933	9.42338e-05	6.42774	0.00117069	1
0.18	0.1	5.03333	1	0	5.96026	0	1
0.18	0.1	5.4	0.999933	9.42338e-05	5.55484	0.0010117	1
0.18	0.1	5.76667	0.9998	0.000163054	5.2003	0.00163973	1
0.18	0.1	6.13333	0.999467	0.000265598	4.88626	0.00251109	1
0.18	0.1	6.5	0.999333	0.000296648	4.60944	0.00264655	1
0.18	0.1	6.86667	0.999067	0.000350289	4.36105	0.00295727	1
0.18	0.1	7.23333	0.9986	0.000427489	4.13624	0.00342772	1
0.18	0.1	7.6	0.998267	0.000510547	3.93421	0.00386033	1
0.18	0.1	7.96667	0.998067	0.000500302	3.75161	0.00363781	1
0.18	0.1	8.33333	0.995533	0.000780376	3.56899	0.00543693	1
0.18	0.1	8.7	0.996133	0.000757986	3.42265	0.00498594	1
0.18	0.1	9.06667	0.995067	0.000835459	3.27732	0.005573	1
0.18	0.1	9.43333	0.9934	0.000967007	3.13986	0.00588541	1
0.18	0.1	9.8	0.990733	0.0012062	3.00691	0.00706398	1
0.18	0.1	10.1667	0.988333	0.00126623	2.88473	0.00712551	1
0.18	0.1	10.5333	0.9864	0.00141228	2.77396	0.00769274	1
0.18	0.1	10.9	0.983867	0.00154182	2.66747	0.00799601	1
0.18	0.1	11.2667	0.982	0.0016141	2.57118	0.00815996	1
0.18	0.1	11.6333	0.977133	0.00181194	2.46644	0.00879174	1
0.18	0.1	12	0.9748	0.00205506	2.38077	0.00958821	1
0.18	0.18	1	1	0	30	0	1
0.18	0.18	1.36667	1	0	21.9512	1.58882e-16	1
0.18	0.18	1.73333	1	0	17.3077	3.17764e-16	1
0.18	0.18	2.1	1	0	14.2857	7.94411e-17	1
0.18	0.18	2.46667	0.999933	9.42338e-05	12.1606	0.00221481	1
0.18	0.18	2.83333	0.999933	9.42338e-05	10.5869	0.00192819	1
0.18	0.18	3.2	0.999667	0.000210291	9.36896	0.00381119	1
0.18	0.18	3.56667	0.999333	0.000296648	8.40037	0.00482063	1
0.18	0.18	3.93333	0.998733	0.00042832	7.60851	0.0062733	1
0.18	0.18	4.3	0.997667	0.000547925	6.94524	0.00749484	1
0.18	0.18	4.66667	0.995667	0.000770426	6.37488	0.00951438	1
0.18	0.18	5.03333	0.994267	0.000887463	5.89443	0.0101832	1
0.18	0.18	5.4	0.9894	0.00123547	5.44264	0.013055	1
0.18	0.18	5.76667	0.987133	0.00135892	5.07408	0.0134481	1
0.18	0.18	6.13333	0.980467	0.00170529	4.70903	0.0158727	1
0.18	0.18	6.5	0.977133	0.0018266	4.41415	0.0161499	1
0.18	0.18	6.86667	0.970067	0.00218967	4.12173	0.0176332	1
0.18	0.18	7.23333	0.9564	0.00265712	3.80816	0.0202363	1
0.18	0.18	7.6	0.9484	0.00284554	3.56646	0.0202964	1
0.18	0.18	7.96667	0.9424	0.0031177	3.36266	0.0209802	1
0.18	0.18	8.33333	0.9234	0.00408226	3.09959	0.0239586	1
0.18	0.18	8.7	0.914067	0.00402379	2.90895	0.0235141	1
0.18	0.18	9.06667	0.895867	0.00464773	2.69122	0.0254424	1
0.18	0.18	9.43333	0.875533	0.00562638	2.48807	0.0273347	1
0.18	0.18	9.8	0.851933	0.00633169	2.28314	0.0283563	1
0.18	0.18	10.1667	0.8288	0.00662076	2.09062	0.0284193	1
0.18	0.18	10.5333	0.792733	0.00770404	1.87419	0.0302881	1
0.18	0.18	10.9	0.7756	0.00829031	1.75023	0.0299839	1
0.18	0.18	11.2667	0.725667	0.00903021	1.51031	0.0303836	1
0.18	0.18	11.6333	0.6882	0.0105023	1.36271	0.0323176	1
0.18	0.18	12	0.632333	0.0113521	1.1607	0.0313321	1
0.18	0.26	1	1	0	30	0	1
0.18	0.26	1.36667	0.9998	0.000210629	21.9429	0.00869266	1
0.18	0.26	1.73333	0.998933	0.000374094	17.272	0.0125164	1
0.18	0.26	2.1	0.996267	0.000685494	14.1826	0.0189302	1
0.18	0.26	2.46667	0.993533	0.000931384	12.0106	0.0218471	1
0.18	0.26	2.83333	0.9888	0.00131242	10.3615	0.0263153	1
0.18	0.26	3.2	0.978467	0.00185394	8.9916	0.0325601	1
0.18	0.26	3.56667	0.964733	0.00231931	7.85063	0.0364004	1
0.18	0.26	3.93333	0.952533	0.0027985	6.95009	0.0385075	1
0.18	0.26	4.3	0.925733	0.00408249	6.03629	0.0472444	1
0.18	0.26	4.66667	0.893867	0.00508727	5.21671	0.0510799	1
0.18	0.26	5.03333	0.864733	0.00571949	4.55431	0.0516901	1
0.18	0.26	5.4	0.809467	0.00766396	3.8033	0.0576376	1
0.18	0.26	5.76667	0.750333	0.00903916	3.14085	0.0596784	1
0.18	0.26	6.13333	0.680733	0.0105782	2.54028	0.0599117	1
0.18	0.26	6.5	0.597267	0.0116525	1.9591	0.0584066	1
0.18	0.26	6.86667	0.565	0.0113017	1.67367	0.0514279	1
0.18	0.26	7.23333	0.496533	0.0111815	1.28105	0.0449363	1
0.18	0.26	7.6	0.442533	0.0120856	1.02765	0.0449026	1.13146
0.18	0.26	7.96667	0.435667	0.0119189	0.933013	0.0414067	1.22234
0.18	0.26	8.33333	0.379533	0.0116037	0.707634	0.0357817	1.27262
0.18	0.26	8.7	0.3524	0.0148984	0.616607	0.0414821	2.0288
0.18	0.26	9.06667	0.342867	0.0127528	0.54044	0.0333385	1.77626
0.18	0.26	9.43333	0.312467	0.0160387	0.456789	0.0391273	2.79148
0.18	0.26	9.8	0.306067	0.013172	0.419991	0.0316518	1.993
0.18	0.26	10.1667	0.288733	0.0139314	0.354701	0.0297426	2.62768
0.18	0.26	10.5333	0.291067	0.013497	0.351946	0.0272833	2.3443
0.18	0.26	10.9	0.264867	0.0151676	0.293294	0.0291573	3.1523
0.18	0.26	11.2667	0.245933	0.0168054	0.239811	0.0288733	4.54654
0.18	0.26	11.6333	0.259133	0.0187762	0.266556	0.0344076	4.83193
0.18	0.26	12	0.241667	0.0158597	0.217443	0.0248849	4.05848
0.18	0.34	1	0.945	0.00521398	27.198	0.252046	1
0.18	0.34	1.36667	0.964333	0.00208012	20.4603	0.0859856	1
0.18	0.34	1.73333	0.937067	0.00312533	15.2813	0.0969328	1
0.18	0.34	2.1	0.826467	0.00999973	10.472	0.171079	1
0.18	0.34	2.46667	0.6574	0.0133165	6.33378	0.179556	1
0.18	0.34	2.83333	0.567733	0.0132429	4.34122	0.148944	1
0.18	0.34	3.2	0.464733	0.0125525	2.75989	0.113309	1
0.18	0.34	3.56667	0.417933	0.0116209	2.03674	0.0886543	1
0.18	0.34	3.93333	0.354733	0.0106974	1.39491	0.0692241	1
0.18	0.34	4.3	0.3018	0.0102286	0.931216	0.0555208	1.2004
0.18	0.34	4.66667	0.3034	0.0125757	0.888773	0.0631941	1.70362
0.18	0.34	5.03333	0.279267	0.0116026	0.668697	0.0476062	1.96347
0.18	0.34	5.4	0.255933	0.014084	0.55617	0.0539384	2.86571
0.18	0.34	5.76667	0.233733	0.012954	0.435924	0.0440121	2.87602
0.18	0.34	6.13333	0.236733	0.0156402	0.418848	0.0495069	4.09549
0.18	0.34	6.5	0.218133	0.0156125	0.339687	0.0432915	4.66355
0.18	0.34	6.86667	0.225933	0.0172504	0.343031	0.0465517	5.3057
0.18	0.34	7.23333	0.219133	0.0180815	0.310205	0.0477767	6.03298
0.18	0.34	7.6	0.207467	0.0164496	0.262359	0.0371108	5.70545
0.18	0.34	7.96667	0.1952	0.0169199	0.217743	0.0339975	6.9579
0.18	0.34	8.33333	0.2024	0.0174486	0.234701	0.0361543	6.27687
0.18	0.34	8.7	0.208	0.0188596	0.226655	0.0365554	7.72242
0.18	0.34	9.06667	0.1858	0.0185447	0.177671	0.0331176	8.78581
0.18	0.34	9.43333	0.190867	0.0156682	0.180946	0.0261231	5.99054
0.18	0.34	9.8	0.176467	0.0181351	0.148417	0.027529	9.17547
0.18	0.34	10.1667	0.1784	0.0166417	0.147183	0.0243364	7.57872
0.18	0.34	10.5333	0.187067	0.0197194	0.148476	0.0284379	10.3166
0.18	0.34	10.9	0.198667	0.0207126	0.161892	0.0309983	10.1148
0.18	0.34	11.2667	0.208533	0.0233883	0.179475	0.0357209	11.1897
0.18	0.34	11.6333	0.1746	0.0207638	0.120556	0.0259513	13.1806
0.18	0.34	12	0.187333	0.0277342	0.137002	0.035089	19.162
0.18	0.42	1	0.500133	0.00682609	8.20291	0.243873	1
0.18	0.42	1.36667	0.170267	0.00459476	0.867673	0.0391882	1
0.18	0.42	1.73333	0.205933	0.00694299	1.15101	0.0823645	1
0.18	0.42	2.1	0.227333	0.00815075	1.21233	0.0792831	1
0.18	0.42	2.46667	0.215267	0.00752983	0.90815	0.0586368	1
0.18	0.42	2.83333	0.218267	0.00932026	0.803067	0.0599887	1.53731
0.18	0.42	3.2	0.2024	0.0111322	0.611877	0.0594476	2.52902
0.18	0.42	3.56667	0.218467	0.0127862	0.613599	0.0635583	3.22543
0.18	0.42	3.93333	0.197133	0.0138222	0.470168	0.0602977	4.14521
0.18	0.42	4.3	0.1934	0.014043	0.390833	0.0491097	5.23349
0.18	0.42	4.66667	0.185067	0.0124787	0.342899	0.0422112	3.94037
0.18	0.42	5.03333	0.183867	0.0167352	0.308985	0.0507101	7.66337
0.18	0.42	5.4	0.1966	0.0176979	0.325506	0.0534425	7.75047
0.18	0.42	5.76667	0.179067	0.0180493	0.257521	0.0459497	8.81131
0.18	0.42	6.13333	0.172467	0.0248148	0.233726	0.0595465	16.9027
0.18	0.42	6.5	0.161933	0.0160055	0.191461	0.0333955	8.22255
0.18	0.42	6.86667	0.159667	0.017287	0.180123	0.0358819	9.11844
0.18	0.42	7.23333	0.167933	0.0211455	0.186985	0.0417068	13.0396
0.18	0.42	7.6	0.179933	0.030976	0.204761	0.0647698	24.1899
0.18	0.42	7.96667	0.159733	0.0218131	0.154398	0.0371556	14.6286
0.18	0.42	8.33333	0.1828	0.0205608	0.186358	0.0399444	11.3902
0.18	0.42	8.7	0.162867	0.0218362	0.144645	0.0349179	14.1062
0.18	0.42	9.06667	0.172933	0.0194572	0.145004	0.0286549	13.3047
0.18	0.42	9.43333	0.158133	0.0218342	0.123675	0.0318741	15.9071
0.18	0.42	9.8	0.1558	0.0198284	0.115085	0.0255231	14.4952
0.18	0.42	10.1667	0.176867	0.0193497	0.136537	0.0254086	11.9371
0.18	0.42	10.5333	0.141933	0.0151447	0.0907964	0.0172202	9.77259
0.18	0.42	10.9	0.1424	0.0151519	0.0899202	0.0180162	9.25885
0.18	0.42	11.2667	0.156467	0.0186684	0.106339	0.0237988	11.271
0.18	0.42	11.6333	0.171333	0.0277293	0.119252	0.0348531	22.2652
0.18	0.42	12	0.157333	0.0219161	0.0953511	0.0225896	17.4849
0.18	0.5	1	0.160067	0.00523085	1.17903	0.0703462	1
0.18	0.5	1.36667	0.193067	0.0066821	1.30801	0.0843178	1
0.18	0.5	1.73333	0.21	0.00780677	1.19878	0.0798867	1.20807
0.18	0.5	2.1	0.200667	0.00942216	0.889295	0.0743651	2.0112
0.18	0.5	2.46667	0.183667	0.0101058	0.637069	0.0625182	2.72069
0.18	0.5	2.83333	0.1956	0.0143519	0.615631	0.0805914	5.17517
0.18	0.5	3.2	0.178933	0.0164297	0.484491	0.0793344	6.82089
0.18	0.5	3.56667	0.195933	0.0218899	0.483439	0.098868	12.3715
0.18	0.5	3.93333	0.165133	0.0150968	0.34019	0.0583759	6.24847
0.18	0.5	4.3	0.1714	0.0202357	0.325987	0.0672242	11.7131
0.18	0.5	4.66667	0.159533	0.0158807	0.272354	0.0474937	7.44955
0.18	0.5	5.03333	0.1656	0.0202992	0.253613	0.0670429	12.2774
0.18	0.5	5.4	0.150867	0.0155478	0.190015	0.0354048	8.87035
0.18	0.5	5.76667	0.176333	0.0227952	0.246494	0.0562914	15.6597
0.18	0.5	6.13333	0.1668	0.0177703	0.211998	0.0402426	10.1386
0.18	0.5	6.5	0.1754	0.0271937	0.214551	0.0588225	23.4821
0.18	0.5	6.86667	0.157533	0.0181557	0.161483	0.0332342	12.1059
0.18	0.5	7.23333	0.155	0.0207586	0.155505	0.0378147	15.7737
0.18	0.5	7.6	0.161467	0.0224632	0.163402	0.0415945	15.6043
0.18	0.5	7.96667	0.152733	0.0170886	0.135146	0.0267537	11.0156
0.18	0.5	8.33333	0.168067	0.0218527	0.146403	0.0323771	14.3739
0.18	0.5	8.7	0.166467	0.0240117	0.146324	0.0355386	19.3969
0.18	0.5	9.06667	0.153067	0.029285	0.11834	0.040689	31.1191
0.18	0.5	9.43333	0.147	0.0178868	0.108012	0.0237148	12.3307
0.18	0.5	9.8	0.147667	0.0194481	0.105004	0.0242421	15.0635
0.18	0.5	10.1667	0.1532	0.0219595	0.10677	0.0266091	18.699
0.18	0.5	10.5333	0.1478	0.0192474	0.0984151	0.0228697	14.5627
0.18	0.5	10.9	0.144533	0.0222084	0.0924925	0.0255048	19.2543
0.18	0.5	11.2667	0.137467	0.0205275	0.0853379	0.0237334	15.7798
0.18	0.5	11.6333	0.142067	0.0274965	0.0864655	0.0305791	28.2594
0.18	0.5	12	0.1536	0.030817	0.0919544	0.0317723	34.8742
0.26	0.1	1	1	0	48	0	1
0.26	0.1	1.36667	1	0	35.122	0	1
0.26	0.1	1.73333	1	0	27.6923	4.76647e-16	1
0.26	0.1	2.1	1	0	22.8571	3.17764e-16	1
0.26	0.1	2.46667	1	0	19.4595	0	1
0.26	0.1	2.83333	1	0	16.9412	0	1
0.26	0.1	3.2	1	0	15	0	1
0.26	0.1	3.56667	1	0	13.4579	0	1
0.26	0.1	3.93333	1	0	12.2034	7.94411e-17	1
0.26	0.1	4.3	1	0	11.1628	7.94411e-17	1
0.26	0.1	4.66667	1	0	10.2857	0	1
0.26	0.1	5.03333	1	0	9.53642	7.94411e-17	1
0.26	0.1	5.4	1	0	8.88889	0	1
0.26	0.1	5.76667	1	0	8.3237	0	1
0.26	0.1	6.13333	1	0	7.82609	7.94411e-17	1
0.26	0.1	6.5	1	0	7.38462	3.97205e-17	1
0.26	0.1	6.86667	1	0	6.99029	1.19162e-16	1
0.26	0.1	7.23333	1	0	6.63594	0	1
0.26	0.1	7.6	0.999958	5.88961e-05	6.31527	0.000728118	1
0.26	0.1	7.96667	1	0	6.0251	7.94411e-17	1
0.26	0.1	8.33333	0.999833	0.000117615	5.7581	0.00167962	1
0.26	0.1	8.7	0.999958	5.88961e-05	5.51679	0.000636057	1
0.26	0.1	9.06667	0.999958	5.88961e-05	5.29369	0.000610334	1
0.26	0.1	9.43333	0.999708	0.000155356	5.08543	0.00154715	1
0.26	0.1	9.8	0.999708	0.000155356	4.89516	0.00148926	1
0.26	0.1	10.1667	0.999833	0.000117615	4.71977	0.00108746	1
0.26	0.1	10.5333	0.9995	0.000202896	4.5525	0.00181037	1
0.26	0.1	10.9	0.999375	0.0002265	4.39828	0.00195275	1
0.26	0.1	11.2667	0.999292	0.000240882	4.25443	0.00214953	1
0.26	0.1	11.6333	0.999125	0.00026718	4.119	0.00215845	1
0.26	0.1	12	0.998542	0.000342453	3.98858	0.00268251	1
0.26	0.18	1	1	0	48	0	1
0.26	0.18	1.36667	1	0	35.122	0	1
0.26	0.18	1.73333	1	0	27.6923	4.76647e-16	1
0.26	0.18	2.1	1	0	22.8571	3.17764e-16	1
0.26	0.18	2.46667	1	0	19.4595	0	1
0.26	0.18	2.83333	1	0	16.9412	0	1
0.26	0.18	3.2	1	0	15	0	1
0.26	0.18	3.56667	1	0	13.4579	0	1
0.26	0.18	3.93333	1	0	12.2034	7.94411e-17	1
0.26	0.18	4.3	0.999833	0.000144145	11.1592	0.00310567	1
0.26	0.18	4.66667	0.999792	0.000131432	10.2815	0.00264717	1
0.26	0.18	5.03333	0.999833	0.000117615	9.53331	0.00219652	1
0.26	0.18	5.4	0.999542	0.000194356	8.88091	0.00338195	1
0.26	0.18	5.76667	0.999417	0.00021893	8.31419	0.00356442	1
0.26	0.18	6.13333	0.99925	0.00024774	7.81459	0.00379057	1
0.26	0.18	6.5	0.998958	0.000290922	7.36953	0.00440185	1
0.26	0.18	6.86667	0.998458	0.000361474	6.96918	0.00509187	1
0.26	0.18	7.23333	0.997	0.000481664	6.59693	0.00636991	1
0.26	0.18	7.6	0.996417	0.000542	6.27153	0.00668388	1
0.26	0.18	7.96667	0.995083	0.000666865	5.96733	0.00787566	1
0.26	0.18	8.33333	0.994708	0.000709242	5.70057	0.00817147	1
0.26	0.18	8.7	0.99175	0.000855529	5.42846	0.00935784	1
0.26	0.18	9.06667	0.987458	0.00104483	5.16474	0.0112824	1
0.26	0.18	9.43333	0.986125	0.00118162	4.95167	0.0114797	1
0.26	0.18	9.8	0.983625	0.00129174	4.74292	0.0120893	1
0.26	0.18	10.1667	0.981583	0.00131053	4.55298	0.0118496	1
0.26	0.18	10.5333	0.975875	0.00143585	4.34442	0.0125118	1
0.26	0.18	10.9	0.973833	0.00160036	4.18184	0.013388	1
0.26	0.18	11.2667	0.970667	0.0016733	4.01982	0.0137201	1
0.26	0.18	11.6333	0.964375	0.00190027	3.84476	0.0146676	1
0.26	0.18	12	0.958	0.00195606	3.67869	0.0145432	1
0.26	0.26	1	1	0	48	0	1
0.26	0.26	1.36667	1	0	35.122	0	1
0.26	0.26	1.73333	1	0	27.6923	4.76647e-16	1
0.26	0.26	2.1	0.999875	0.000101909	22.8515	0.00456094	1
0.26	0.26	2.46667	0.999917	8.325e-05	19.4563	0.0031725	1
0.26	0.26	2.83333	0.9995	0.000234639	16.9247	0.00770098	1
0.26	0.26	3.2	0.998458	0.000361474	14.9548	0.0105948	1
0.26	0.26	3.56667	0.998583	0.000337701	13.4206	0.00890015	1
0.26	0.26	3.93333	0.996458	0.000564503	12.119	0.0134042	1
0.26	0.26	4.3	0.993125	0.000767787	11.0129	0.0171187	1
0.26	0.26	4.66667	0.990042	0.000923984	10.0863	0.0183868	1
0.26	0.26	5.03333	0.985417	0.00113575	9.26645	0.0207747	1
0.26	0.26	5.4	0.978875	0.00140677	8.52607	0.0239743	1
0.26	0.26	5.76667	0.973333	0.00153704	7.89511	0.0248809	1
0.26	0.26	6.13333	0.960375	0.00197958	7.23322	0.0288625	1
0.26	0.26	6.5	0.952125	0.00218168	6.71123	0.0304598	1
0.26	0.26	6.86667	0.935875	0.00261836	6.14636	0.033244	1
0.26	0.26	7.23333	0.924333	0.00286389	5.69542	0.0350685	1
0.26	0.26	7.6	0.904	0.00342559	5.19777	0.0374243	1
0.26	0.26	7.96667	0.886333	0.00376203	4.77584	0.0379635	1
0.26	0.26	8.33333	0.860917	0.00453067	4.32647	0.0433683	1
0.26	0.26	8.7	0.83825	0.00526258	3.95283	0.043606	1
0.26	0.26	9.06667	0.807083	0.00581458	3.538	0.044193	1
0.26	0.26	9.43333	0.772625	0.0063934	3.14147	0.0452722	1
0.26	0.26	9.8	0.729542	0.00739743	2.74085	0.0465107	1
0.26	0.26	10.1667	0.64525	0.00958366	2.18247	0.0502633	1
0.26	0.26	10.5333	0.62275	0.0103069	2.00888	0.051609	1
0.26	0.26	10.9	0.559292	0.0103354	1.6127	0.0468267	1
0.26	0.26	11.2667	0.539208	0.0101259	1.45594	0.0427134	1
0.26	0.26	11.6333	0.484917	0.0103426	1.19006	0.0404981	1
0.26	0.26	12	0.431625	0.0104526	0.961273	0.0368467	1
0.26	0.34	1	0.999333	0.000233809	47.9373	0.021978	1
0.26	0.34	1.36667	0.999375	0.0002265	35.079	0.0155744	1
0.26	0.34	1.73333	0.996917	0.000494848	27.5251	0.0272398	1
0.26	0.34	2.1	0.986167	0.00120441	22.2457	0.0525991	1
0.26	0.34	2.46667	0.9745	0.00167856	18.5071	0.0614481	1
0.26	0.34	2.83333	0.964125	0.00189634	15.7775	0.0606537	1
0.26	0.34	3.2	0.93425	0.0028879	13.1546	0.0776639	1
0.26	0.34	3.56667	0.907292	0.00356603	11.1633	0.0829033	1
0.26	0.34	3.93333	0.870333	0.00442588	9.36332	0.0861624	1
0.26	0.34	4.3	0.733417	0.0102888	6.59418	0.130913	1
0.26	0.34	4.66667	0.62775	0.0115812	4.73916	0.127533	1
0.26	0.34	5.03333	0.50525	0.0124758	3.17648	0.113955	1
0.26	0.34	5.4	0.446167	0.0115402	2.36125	0.0920264	1
0.26	0.34	5.76667	0.417458	0.0113451	1.98571	0.0822704	1
0.26	0.34	6.13333	0.373542	0.0101393	1.49421	0.0655948	1
0.26	0.34	6.5	0.321417	0.0103192	1.08609	0.0579192	1.21312
0.26	0.34	6.86667	0.280208	0.00968264	0.834597	0.0491892	1.14336
0.26	0.34	7.23333	0.2905	0.0115854	0.799506	0.0542123	1.84734
0.26	0.34	7.6	0.2225	0.00971597	0.486286	0.0381727	1.71675
0.26	0.34	7.96667	0.235875	0.011306	0.492908	0.0409638	2.43155
0.26	0.34	8.33333	0.224167	0.013512	0.434804	0.0447207	3.6006
0.26	0.34	8.7	0.208792	0.0133748	0.368423	0.0415136	3.85656
0.26	0.34	9.06667	0.201667	0.0168192	0.336752	0.0517692	6.16439
0.26	0.34	9.43333	0.204375	0.0194931	0.328461	0.0580005	8.27667
0.26	0.34	9.8	0.188792	0.0135576	0.258844	0.0326357	5.30799
0.26	0.34	10.1667	0.195083	0.01736	0.272782	0.0427615	7.60359
0.26	0.34	10.5333	0.19175	0.0137093	0.242192	0.0307768	5.1572
0.26	0.34	10.9	0.173833	0.0132113	0.207763	0.0289198	5.1427
0.26	0.34	11.2667	0.191208	0.0157644	0.228401	0.0333325	6.84504
0.26	0.34	11.6333	0.17025	0.0137699	0.179452	0.0273495	6.44066
0.26	0.34	12	0.164375	0.017121	0.169146	0.0302011	8.91648
0.26	0.42	1	0.906958	0.00462583	39.9969	0.378695	1
0.26	0.42	1.36667	0.446583	0.00404681	7.29219	0.126028	1
0.26	0.42	1.73333	0.509208	0.0082807	8.12922	0.21039	1
0.26	0.42	2.1	0.392833	0.0115236	5.04489	0.224696	1
0.26	0.42	2.46667	0.144708	0.00427658	0.585418	0.0293387	1
0.26	0.42	2.83333	0.139417	0.00413248	0.473921	0.0241825	1
0.26	0.42	3.2	0.162708	0.00666249	0.729958	0.0627838	1
0.26	0.42	3.56667	0.17125	0.00641123	0.670736	0.0478721	1
0.26	0.42	3.93333	0.189667	0.00703199	0.740108	0.0538669	1
0.26	0.42	4.3	0.194333	0.00844526	0.669488	0.0529081	1.60037
0.26	0.42	4.66667	0.181958	0.00880339	0.542935	0.0483028	1.96923
0.26	0.42	5.03333	0.179958	0.00958472	0.483417	0.047902	2.50897
0.26	0.42	5.4	0.177	0.0126718	0.436498	0.0572174	4.51505
0.26	0.42	5.76667	0.166	0.0121376	0.365025	0.0524923	4.42347
0.26	0.42	6.13333	0.181625	0.0123289	0.390611	0.0482682	4.43347
0.26	0.42	6.5	0.15975	0.0129989	0.293135	0.0429317	5.95029
0.26	0.42	6.86667	0.1645	0.0154854	0.290135	0.047473	8.22824
0.26	0.42	7.23333	0.15	0.0138168	0.245662	0.0431315	6.56403
0.26	0.42	7.6	0.150917	0.0136725	0.208064	0.0343779	7.79681
0.26	0.42	7.96667	0.15375	0.0138804	0.223633	0.0366157	6.9674
0.26	0.42	8.33333	0.141792	0.012392	0.175952	0.0286088	6.97728
0.26	0.42	8.7	0.154208	0.0188904	0.179977	0.0427949	14.1062
0.26	0.42	9.06667	0.141292	0.0164349	0.16505	0.0339142	12.0045
0.26	0.42	9.43333	0.152875	0.0189985	0.177843	0.0390863	14.3273
0.26	0.42	9.8	0.130375	0.0140892	0.121284	0.0227763	11.1651
0.26	0.42	10.1667	0.148458	0.0212044	0.160078	0.0394693	18.0955
0.26	0.42	10.5333	0.143	0.0187765	0.140491	0.0331549	15.6949
0.26	0.42	10.9	0.138375	0.0230485	0.127457	0.0379683	27.0407
0.26	0.42	11.2667	0.136625	0.0162121	0.118267	0.0264522	12.9236
0.26	0.42	11.6333	0.132792	0.0173139	0.115996	0.0275923	14.3031
0.26	0.42	12	0.150792	0.0327976	0.144094	0.0610047	39.0967
0.26	0.5	1	0.222333	0.00737137	3.67679	0.218004	1
0.26	0.5	1.36667	0.116083	0.00315359	0.647911	0.0305325	1
0.26	0.5	1.73333	0.1085	0.00365014	0.510038	0.0324328	1
0.26	0.5	2.1	0.121958	0.00390853	0.514503	0.0291459	1
0.26	0.5	2.46667	0.149208	0.00522993	0.699357	0.0483217	1
0.26	0.5	2.83333	0.1555	0.00522154	0.640294	0.0410434	1
0.26	0.5	3.2	0.16425	0.00764169	0.647085	0.0554032	1.7788
0.26	0.5	3.56667	0.1555	0.00901692	0.50679	0.0525169	3.01045
0.26	0.5	3.93333	0.1575	0.00998199	0.465293	0.0542834	3.41233
0.26	0.5	4.3	0.164167	0.0109497	0.464107	0.0566685	4.01865
0.26	0.5	4.66667	0.145458	0.0121001	0.334393	0.0497884	6.38899
0.26	0.5	5.03333	0.138792	0.014644	0.290496	0.056809	9.54353
0.26	0.5	5.4	0.154458	0.0145498	0.321063	0.0531204	8.6319
0.26	0.5	5.76667	0.141375	0.0145999	0.256314	0.0473203	9.77141
0.26	0.5	6.13333	0.145667	0.0175517	0.270626	0.059702	11.5074
0.26	0.5	6.5	0.127083	0.0154483	0.186141	0.0415116	13.1732
0.26	0.5	6.86667	0.13775	0.0197443	0.205355	0.0528811	18.2074
0.26	0.5	7.23333	0.13825	0.0199907	0.207736	0.0598599	16.3463
0.26	0.5	7.6	0.143167	0.0179619	0.199802	0.0431	13.956
0.26	0.5	7.96667	0.127667	0.0217151	0.154113	0.0479395	25.2149
0.26	0.5	8.33333	0.129667	0.0203342	0.152859	0.0443969	20.3788
0.26	0.5	8.7	0.137875	0.0196681	0.157177	0.0393951	18.3072
0.26	0.5	9.06667	0.127208	0.0193484	0.126942	0.0355628	22.3955
0.26	0.5	9.43333	0.1255	0.0147208	0.119552	0.0258014	13.3875
0.26	0.5	9.8	0.108792	0.0156295	0.0858731	0.0216975	19.0675
0.26	0.5	10.1667	0.119833	0.0177626	0.106052	0.0265905	18.9438
0.26	0.5	10.5333	0.12425	0.0229887	0.108895	0.0369999	30.7999
0.26	0.5	10.9	0.119417	0.0155082	0.0987971	0.0231327	14.6005
0.26	0.5	11.2667	0.127792	0.0195098	0.110873	0.0292946	19.6297
0.26	0.5	11.6333	0.130375	0.0171512	0.104995	0.0248905	17.2531
0.26	0.5	12	0.131375	0.0205055	0.112541	0.0319619	19.15
0.34	0.1	1	1	0	55	0	1
0.34	0.1	1.36667	1	0	40.2439	0	1
0.34	0.1	1.73333	1	0	31.7308	0	1
0.34	0.1	2.1	1	0	26.1905	1.58882e-16	1
0.34	0.1	2.46667	1	0	22.2973	0	1
0.34	0.1	2.83333	1	0	19.4118	1.58882e-16	1
0.34	0.1	3.2	1	0	17.1875	0	1
0.34	0.1	3.56667	1	0	15.4206	1.58882e-16	1
0.34	0.1	3.93333	1	0	13.9831	2.38323e-16	1
0.34	0.1	4.3	1	0	12.7907	7.94411e-17	1
0.34	0.1	4.66667	1	0	11.7857	0	1
0.34	0.1	5.03333	1	0	10.9272	0	1
0.34	0.1	5.4	1	0	10.1852	1.58882e-16	1
0.34	0.1	5.76667	1	0	9.53757	7.94411e-17	1
0.34	0.1	6.13333	1	0	8.96739	0	1
0.34	0.1	6.5	1	0	8.46154	1.58882e-16	1
0.34	0.1	6.86667	1	0	8.00971	7.94411e-17	1
0.34	0.1	7.23333	0.999964	5.14002e-05	7.60314	0.000767095	1
0.34	0.1	7.6	1	0	7.23684	7.94411e-17	1
0.34	0.1	7.96667	1	0	6.90377	1.19162e-16	1
0.34	0.1	8.33333	1	0	6.6	1.19162e-16	1
0.34	0.1	8.7	0.999927	7.26545e-05	6.32094	0.000901081	1
0.34	0.1	9.06667	0.999964	5.14002e-05	6.06574	0.000611984	1
0.34	0.1	9.43333	0.999927	7.26545e-05	5.82956	0.000831804	1
0.34	0.1	9.8	1	0	5.61224	7.94411e-17	1
0.34	0.1	10.1667	0.999855	0.000102646	5.40829	0.0010899	1
0.34	0.1	10.5333	0.999855	0.000102646	5.22003	0.00105196	1
0.34	0.1	10.9	0.999782	0.000125589	5.04371	0.00124437	1
0.34	0.1	11.2667	0.999818	0.000114704	4.8799	0.00140162	1
0.34	0.1	11.6333	0.999455	0.000197672	4.72273	0.00183507	1
0.34	0.1	12	0.999382	0.000210225	4.57777	0.00189197	1
0.34	0.18	1	1	0	55	0	1
0.34	0.18	1.36667	1	0	40.2439	0	1
0.34	0.18	1.73333	1	0	31.7308	0	1
0.34	0.18	2.1	1	0	26.1905	1.58882e-16	1
0.34	0.18	2.46667	1	0	22.2973	0	1
0.34	0.18	2.83333	1	0	19.4118	1.58882e-16	1
0.34	0.18	3.2	1	0	17.1875	0	1
0.34	0.18	3.56667	1	0	15.4206	1.58882e-16	1
0.34	0.18	3.93333	0.999964	5.14002e-05	13.9821	0.00141067	1
0.34	0.18	4.3	1	0	12.7907	7.94411e-17	1
0.34	0.18	4.66667	1	0	11.7857	0	1
0.34	0.18	5.03333	1	0	10.9272	0	1
0.34	0.18	5.4	0.999927	7.26545e-05	10.1837	0.00145309	1
0.34	0.18	5.76667	0.999745	0.000135583	9.53281	0.00253908	1
0.34	0.18	6.13333	0.999855	0.000102646	8.96483	0.00180662	1
0.34	0.18	6.5	0.999418	0.000216625	8.45189	0.00358124	1
0.34	0.18	6.86667	0.999236	0.000244254	7.99772	0.00382851	1
0.34	0.18	7.23333	0.999091	0.000253895	7.59011	0.00378907	1
0.34	0.18	7.6	0.998582	0.00031483	7.21667	0.00465352	1
0.34	0.18	7.96667	0.997527	0.000422119	6.87024	0.00584148	1
0.34	0.18	8.33333	0.997418	0.0004482	6.56663	0.00577985	1
0.34	0.18	8.7	0.996618	0.00050479	6.27993	0.00633688	1
0.34	0.18	9.06667	0.995273	0.000588821	6.01	0.00704214	1
0.34	0.18	9.43333	0.994255	0.000684247	5.76494	0.0077353	1
0.34	0.18	9.8	0.993164	0.000691208	5.5371	0.0076283	1
0.34	0.18	10.1667	0.990982	0.000817165	5.31449	0.00864486	1
0.34	0.18	10.5333	0.988073	0.000948828	5.10003	0.00964101	1
0.34	0.18	10.9	0.986	0.00107967	4.90844	0.0106261	1
0.34	0.18	11.2667	0.983964	0.00113431	4.72936	0.0109542	1
0.34	0.18	11.6333	0.982218	0.00117481	4.56428	0.0109668	1
0.34	0.18	12	0.977418	0.00132252	4.38266	0.0115834	1
0.34	0.26	1	1	0	55	0	1
0.34	0.26	1.36667	1	0	40.2439	0	1
0.34	0.26	1.73333	1	0	31.7308	0	1
0.34	0.26	2.1	1	0	26.1905	1.58882e-16	1
0.34	0.26	2.46667	1	0	22.2973	0	1
0.34	0.26	2.83333	0.999891	8.89386e-05	19.4076	0.00338961	1
0.34	0.26	3.2	0.999818	0.000114704	17.1814	0.00386802	1
0.34	0.26	3.56667	0.999418	0.000216625	15.4029	0.00708778	1
0.34	0.26	3.93333	0.998655	0.000315468	13.9461	0.00899767	1
0.34	0.26	4.3	0.997527	0.000452361	12.7287	0.0121436	1
0.34	0.26	4.66667	0.995636	0.000585443	11.685	0.0136104	1
0.34	0.26	5.03333	0.992436	0.000774359	10.7657	0.0165587	1
0.34	0.26	5.4	0.991091	0.000821166	10.0079	0.0163602	1
0.34	0.26	5.76667	0.986909	0.00103416	9.29446	0.0192507	1
0.34	0.26	6.13333	0.981891	0.00120604	8.65207	0.0208024	1
0.34	0.26	6.5	0.973382	0.00144742	8.02566	0.0239937	1
0.34	0.26	6.86667	0.968	0.00172381	7.51705	0.0259925	1
0.34	0.26	7.23333	0.959055	0.00201425	7.00908	0.0281063	1
0.34	0.26	7.6	0.950109	0.0021101	6.54868	0.0282097	1
0.34	0.26	7.96667	0.937564	0.00233912	6.08682	0.0300907	1
0.34	0.26	8.33333	0.925491	0.0026366	5.67605	0.0310786	1
0.34	0.26	8.7	0.908618	0.00289443	5.24566	0.0322705	1
0.34	0.26	9.06667	0.890182	0.00356942	4.84524	0.0366701	1
0.34	0.26	9.43333	0.877673	0.00399653	4.5361	0.0393571	1
0.34	0.26	9.8	0.851127	0.00426717	4.11594	0.0391784	1
0.34	0.26	10.1667	0.825164	0.00535056	3.76068	0.0415201	1
0.34	0.26	10.5333	0.801455	0.00597834	3.44712	0.0429878	1
0.34	0.26	10.9	0.764909	0.00637988	3.0534	0.0446481	1
0.34	0.26	11.2667	0.735745	0.00701389	2.76255	0.045142	1
0.34	0.26	11.6333	0.668982	0.00844457	2.28415	0.0462369	1
0.34	0.26	12	0.644618	0.00873931	2.07955	0.0458959	1
0.34	0.34	1	0.148327	0.00204657	1.32524	0.0441699	1
0.34	0.34	1.36667	0.114873	0.00149288	0.575894	0.0142459	1
0.34	0.34	1.73333	0.0705818	0.00219903	0.234791	0.0119138	1
0.34	0.34	2.1	0.996182	0.000590783	25.9953	0.0303601	1
0.34	0.34	2.46667	0.990945	0.000903984	21.9044	0.0390421	1
0.34	0.34	2.83333	0.962691	0.00453987	18.1904	0.131093	1
0.34	0.34	3.2	0.969964	0.00157142	16.1917	0.0512513	1
0.34	0.34	3.56667	0.949055	0.00221442	13.9269	0.0628064	1
0.34	0.34	3.93333	0.9152	0.00333824	11.79	0.0804411	1
0.34	0.34	4.3	0.890873	0.00365631	10.2363	0.0800326	1
0.34	0.34	4.66667	0.824982	0.00671498	8.28696	0.109436	1
0.34	0.34	5.03333	0.735164	0.00865438	6.31485	0.112139	1
0.34	0.34	5.4	0.698873	0.00844389	5.33763	0.104559	1
0.34	0.34	5.76667	0.582836	0.0105127	3.76673	0.105812	1
0.34	0.34	6.13333	0.510909	0.0107989	2.86307	0.0919656	1
0.34	0.34	6.5	0.419782	0.0107122	1.97478	0.0791001	1
0.34	0.34	6.86667	0.3796	0.0103938	1.58678	0.0689302	1
0.34	0.34	7.23333	0.338582	0.00959191	1.22086	0.0561759	1
0.34	0.34	7.6	0.2832	0.00884183	0.863289	0.0462409	1
0.34	0.34	7.96667	0.276291	0.00899219	0.754194	0.0434766	1.21453
0.34	0.34	8.33333	0.266145	0.0110725	0.705385	0.04956	1.69984
0.34	0.34	8.7	0.232255	0.00968118	0.529228	0.039272	1.56701
0.34	0.34	9.06667	0.236582	0.0111104	0.49814	0.0408278	2.36027
0.34	0.34	9.43333	0.225527	0.0145753	0.451072	0.0510275	4.00098
0.34	0.34	9.8	0.205055	0.0116641	0.358174	0.0358689	3.12245
0.34	0.34	10.1667	0.190764	0.0128402	0.305319	0.0371136	4.10862
0.34	0.34	10.5333	0.203236	0.0139242	0.329572	0.0402865	4.40918
0.34	0.34	10.9	0.1916	0.0207638	0.294204	0.0585475	9.98205
0.34	0.34	11.2667	0.189164	0.014751	0.256572	0.036526	6.45043
0.34	0.34	11.6333	0.181455	0.013076	0.233941	0.0303634	5.1304
0.34	0.34	12	0.183491	0.0142731	0.233163	0.0318944	5.80588
0.34	0.42	1	0.0681455	0.00171806	0.336581	0.014966	1
0.34	0.42	1.36667	0.163382	0.00432191	1.45011	0.0665749	1
0.34	0.42	1.73333	0.464109	0.009816	8.36334	0.276418	1
0.34	0.42	2.1	0.529927	0.00879935	8.36877	0.240521	1
0.34	0.42	2.46667	0.186945	0.00661101	1.26621	0.0834836	1
0.34	0.42	2.83333	0.135164	0.00454703	0.555049	0.0359779	1
0.34	0.42	3.2	0.163927	0.00650776	0.825676	0.0669877	1
0.34	0.42	3.56667	0.208691	0.00712131	1.06158	0.0641967	1
0.34	0.42	3.93333	0.191927	0.00712072	0.869559	0.0621962	1
0.34	0.42	4.3	0.208255	0.00700252	0.868327	0.0512473	1
0.34	0.42	4.66667	0.182036	0.00604948	0.605971	0.036547	1
0.34	0.42	5.03333	0.185455	0.00665743	0.564019	0.0367124	1.28264
0.34	0.42	5.4	0.179164	0.00782102	0.523825	0.0442468	1.57164
0.34	0.42	5.76667	0.169855	0.012899	0.443357	0.0621817	4.71559
0.34	0.42	6.13333	0.169418	0.0106067	0.408474	0.0460245	3.33862
0.34	0.42	6.5	0.171782	0.0130559	0.39229	0.0532592	5.03708
0.34	0.42	6.86667	0.161564	0.0113768	0.321697	0.0436851	4.51995
0.34	0.42	7.23333	0.149891	0.0134457	0.282322	0.0494576	6.13474
0.34	0.42	7.6	0.157782	0.0134172	0.276976	0.0442502	6.72832
0.34	0.42	7.96667	0.1468	0.0141505	0.233017	0.0434034	7.8309
0.34	0.42	8.33333	0.142945	0.0131099	0.217822	0.0382113	6.8099
0.34	0.42	8.7	0.141673	0.0144853	0.202136	0.0399753	8.60961
0.34	0.42	9.06667	0.143491	0.0145661	0.182989	0.0318307	10.8752
0.34	0.42	9.43333	0.155964	0.0196342	0.212803	0.049379	15.792
0.34	0.42	9.8	0.148473	0.017366	0.187556	0.039499	13.1998
0.34	0.42	10.1667	0.142109	0.0178453	0.166257	0.0386435	15.0642
0.34	0.42	10.5333	0.125891	0.0135073	0.128276	0.0249442	10.3795
0.34	0.42	10.9	0.131127	0.0140124	0.133576	0.0257263	10.1944
0.34	0.42	11.2667	0.136291	0.0144445	0.13355	0.0267105	10.5437
0.34	0.42	11.6333	0.136145	0.0194492	0.125544	0.0346152	20.3218
0.34	0.42	12	0.144727	0.0243011	0.160335	0.0519594	20.0491
0.34	0.5	1	0.131709	0.00433235	1.47023	0.0859644	1
0.34	0.5	1.36667	0.0734182	0.00219007	0.313434	0.0166483	1
0.34	0.5	1.73333	0.150618	0.00492075	1.10393	0.0635394	1
0.34	0.5	2.1	0.166436	0.00546449	1.11627	0.0690073	1
0.34	0.5	2.46667	0.144145	0.00474979	0.714528	0.0433333	1
0.34	0.5	2.83333	0.154364	0.00499493	0.70465	0.0464206	1
0.34	0.5	3.2	0.167855	0.00656581	0.747556	0.051744	1.397
0.34	0.5	3.56667	0.167382	0.00658734	0.647152	0.0463735	1.54205
0.34	0.5	3.93333	0.150945	0.00712484	0.487995	0.0423382	2.06592
0.34	0.5	4.3	0.162	0.0100492	0.509254	0.0573171	3.71494
0.34	0.5	4.66667	0.146109	0.0102049	0.396171	0.0514173	4.24074
0.34	0.5	5.03333	0.150327	0.0139902	0.393693	0.0657391	7.23726
0.34	0.5	5.4	0.140691	0.0140004	0.298683	0.054661	10.0636
0.34	0.5	5.76667	0.148036	0.0164552	0.31141	0.0670098	11.929
0.34	0.5	6.13333	0.132727	0.0149151	0.236824	0.0465644	12.5147
0.34	0.5	6.5	0.134036	0.0157927	0.233919	0.0534678	11.8904
0.34	0.5	6.86667	0.131345	0.0184475	0.21385	0.0568628	18.0087
0.34	0.5	7.23333	0.140873	0.0179055	0.232252	0.0549975	14.0375
0.34	0.5	7.6	0.135309	0.0146571	0.194149	0.0378345	12.5628
0.34	0.5	7.96667	0.123091	0.0130045	0.159485	0.032729	10.5389
0.34	0.5	8.33333	0.131491	0.0219317	0.171421	0.0534529	27.6893
0.34	0.5	8.7	0.1216	0.014097	0.137823	0.0302275	12.9075
0.34	0.5	9.06667	0.110036	0.0145659	0.115035	0.0287353	13.1058
0.34	0.5	9.43333	0.124073	0.0187547	0.141307	0.0396405	19.7618
0.34	0.5	9.8	0.128255	0.0237807	0.146529	0.0558272	27.8714
0.34	0.5	10.1667	0.115018	0.0145733	0.106399	0.0255226	14.934
0.34	0.5	10.5333	0.128691	0.0225513	0.147928	0.0530033	20.5328
0.34	0.5	10.9	0.135309	0.0231731	0.137259	0.0419654	28.295
0.34	0.5	11.2667	0.107491	0.0123441	0.0848166	0.0179136	13.0355
0.34	0.5	11.6333	0.104218	0.0128583	0.0766284	0.0174156	15.248
0.34	0.5	12	0.136473	0.0287679	0.129467	0.0542268	32.8057
0.42	0.1	1	1	0	62	0	1
0.42	0.1	1.36667	1	0	45.3659	0	1
0.42	0.1	1.73333	1	0	35.7692	0	1
0.42	0.1	2.1	1	0	29.5238	3.17764e-16	1
0.42	0.1	2.46667	1	0	25.1351	3.17764e-16	1
0.42	0.1	2.83333	1	0	21.8824	3.17764e-16	1
0.42	0.1	3.2	1	0	19.375	0	1
0.42	0.1	3.56667	1	0	17.3832	1.58882e-16	1
0.42	0.1	3.93333	1	0	15.7627	7.94411e-17	1
0.42	0.1	4.3	1	0	14.4186	2.38323e-16	1
0.42	0.1	4.66667	1	0	13.2857	7.94411e-17	1
0.42	0.1	5.03333	1	0	12.3179	7.94411e-17	1
0.42	0.1	5.4	1	0	11.4815	2.38323e-16	1
0.42	0.1	5.76667	1	0	10.7514	1.58882e-16	1
0.42	0.1	6.13333	1	0	10.1087	7.94411e-17	1
0.42	0.1	6.5	1	0	9.53846	0	1
0.42	0.1	6.86667	1	0	9.02913	0	1
0.42	0.1	7.23333	1	0	8.57143	7.94411e-17	1
0.42	0.1	7.6	1	0	8.15789	7.94411e-17	1
0.42	0.1	7.96667	1	0	7.78243	0	1
0.42	0.1	8.33333	1	0	7.44	1.19162e-16	1
0.42	0.1	8.7	1	0	7.12644	3.97205e-17	1
0.42	0.1	9.06667	1	0	6.83824	3.97205e-17	1
0.42	0.1	9.43333	0.999968	4.5597e-05	6.57202	0.000589424	1
0.42	0.1	9.8	1	0	6.32653	7.94411e-17	1
0.42	0.1	10.1667	0.999968	4.5597e-05	6.09797	0.000546908	1
0.42	0.1	10.5333	0.999935	6.44516e-05	5.88533	0.000746496	1
0.42	0.1	10.9	1	0	5.68807	0	1
0.42	0.1	11.2667	0.999839	0.000101754	5.50121	0.00110173	1
0.42	0.1	11.6333	0.999903	7.88972e-05	5.3285	0.000827274	1
0.42	0.1	12	0.999774	0.000120275	5.16437	0.00122272	1
0.42	0.18	1	1	0	62	0	1
0.42	0.18	1.36667	1	0	45.3659	0	1
0.42	0.18	1.73333	1	0	35.7692	0	1
0.42	0.18	2.1	1	0	29.5238	3.17764e-16	1
0.42	0.18	2.46667	1	0	25.1351	3.17764e-16	1
0.42	0.18	2.83333	1	0	21.8824	3.17764e-16	1
0.42	0.18	3.2	1	0	19.375	0	1
0.42	0.18	3.56667	1	0	17.3832	1.58882e-16	1
0.42	0.18	3.93333	1	0	15.7627	7.94411e-17	1
0.42	0.18	4.3	1	0	14.4186	2.38323e-16	1
0.42	0.18	4.66667	1	0	13.2857	7.94411e-17	1
0.42	0.18	5.03333	0.999968	4.5597e-05	12.3171	0.00110468	1
0.42	0.18	5.4	1	0	11.4815	2.38323e-16	1
0.42	0.18	5.76667	0.999935	6.44516e-05	10.7501	0.00136226	1
0.42	0.18	6.13333	0.999871	9.10569e-05	10.1061	0.00181124	1
0.42	0.18	6.5	0.999871	9.10569e-05	9.53604	0.00170907	1
0.42	0.18	6.86667	0.999871	9.10569e-05	9.02683	0.00161477	1
0.42	0.18	7.23333	0.999742	0.000128515	8.56705	0.00265028	1
0.42	0.18	7.6	0.999484	0.000181013	8.14961	0.00290574	1
0.42	0.18	7.96667	0.999581	0.000163412	7.776	0.00250237	1
0.42	0.18	8.33333	0.999065	0.000242082	7.4263	0.00354402	1
0.42	0.18	8.7	0.998387	0.000320964	7.10383	0.00449243	1
0.42	0.18	9.06667	0.998	0.000347897	6.81131	0.00481852	1
0.42	0.18	9.43333	0.998	0.000353828	6.54659	0.00457106	1
0.42	0.18	9.8	0.996677	0.000457089	6.28522	0.00567411	1
0.42	0.18	10.1667	0.996032	0.000523875	6.05088	0.00634119	1
0.42	0.18	10.5333	0.995226	0.000551407	5.83085	0.00643346	1
0.42	0.18	10.9	0.993903	0.000610827	5.61996	0.00687701	1
0.42	0.18	11.2667	0.991806	0.0007735	5.4148	0.0082532	1
0.42	0.18	11.6333	0.990161	0.000828693	5.22697	0.00861843	1
0.42	0.18	12	0.989581	0.000816927	5.0612	0.00842027	1
0.42	0.26	1	1	0	62	0	1
0.42	0.26	1.36667	1	0	45.3659	0	1
0.42	0.26	1.73333	1	0	35.7692	0	1
0.42	0.26	2.1	1	0	29.5238	3.17764e-16	1
0.42	0.26	2.46667	1	0	25.1351	3.17764e-16	1
0.42	0.26	2.83333	1	0	21.8824	3.17764e-16	1
0.42	0.26	3.2	0.999968	4.5597e-05	19.3738	0.00173757	1
0.42	0.26	3.56667	0.999806	0.000111409	17.3766	0.00380963	1
0.42	0.26	3.93333	0.999452	0.00018649	15.7457	0.00577639	1
0.42	0.26	4.3	0.999161	0.000229572	14.3948	0.00699133	1
0.42	0.26	4.66667	0.998419	0.000318029	13.2444	0.00830327	1
0.42	0.26	5.03333	0.997548	0.000403481	12.2586	0.00971484	1
0.42	0.26	5.4	0.995581	0.00053636	11.3818	0.0122343	1
0.42	0.26	5.76667	0.992387	0.000741661	10.5913	0.015603	1
0.42	0.26	6.13333	0.990677	0.000781523	9.92415	0.0155056	1
0.42	0.26	6.5	0.987258	0.000947064	9.30048	0.0187254	1
0.42	0.26	6.86667	0.98329	0.00104595	8.73484	0.0182669	1
0.42	0.26	7.23333	0.978871	0.00125597	8.2198	0.0206219	1
0.42	0.26	7.6	0.972	0.00143291	7.71561	0.0223696	1
0.42	0.26	7.96667	0.965871	0.00160296	7.26953	0.0248372	1
0.42	0.26	8.33333	0.95871	0.00186294	6.84982	0.027622	1
0.42	0.26	8.7	0.950903	0.00198093	6.45759	0.0264513	1
0.42	0.26	9.06667	0.939323	0.00220436	6.04826	0.0289955	1
0.42	0.26	9.43333	0.928355	0.00244147	5.68215	0.0301939	1
0.42	0.26	9.8	0.912161	0.00277729	5.28831	0.0311097	1
0.42	0.26	10.1667	0.903419	0.00312153	5.00644	0.0331079	1
0.42	0.26	10.5333	0.88971	0.00306416	4.68665	0.0312985	1
0.42	0.26	10.9	0.86071	0.00424653	4.26428	0.0385524	1
0.42	0.26	11.2667	0.852226	0.00411526	4.04317	0.0370585	1
0.42	0.26	11.6333	0.821516	0.00495955	3.66223	0.0389941	1
0.42	0.26	12	0.806323	0.00500987	3.42377	0.0389948	1
0.42	0.34	1	0.53771	0.00323529	18.2506	0.195602	1
0.42	0.34	1.36667	0.81729	0.00797826	31.7466	0.573792	1
0.42	0.34	1.73333	0.999903	7.88972e-05	35.7624	0.00555228	1
0.42	0.34	2.1	0.997613	0.000388503	29.3851	0.0231369	1
0.42	0.34	2.46667	0.996387	0.000515031	24.9572	0.0252417	1
0.42	0.34	2.83333	0.989581	0.000890078	21.4373	0.0378486	1
0.42	0.34	3.2	0.121806	0.00345563	0.403135	0.0211097	1
0.42	0.34	3.56667	0.975097	0.00142376	16.5457	0.0470974	1
0.42	0.34	3.93333	0.964032	0.00164723	14.6705	0.0490226	1
0.42	0.34	4.3	0.740226	0.015981	9.74109	0.246653	1
0.42	0.34	4.66667	0.927774	0.00250779	11.4776	0.0596334	1
0.42	0.34	5.03333	0.811645	0.011141	8.87841	0.15436	1
0.42	0.34	5.4	0.866774	0.00361322	8.70024	0.069401	1
0.42	0.34	5.76667	0.821677	0.00473111	7.37878	0.0790048	1
0.42	0.34	6.13333	0.744452	0.00906697	6.01696	0.105303	1
0.42	0.34	6.5	0.523839	0.0138176	3.52798	0.126113	1
0.42	0.34	6.86667	0.556387	0.0106745	3.3033	0.0968768	1
0.42	0.34	7.23333	0.410097	0.011848	2.04298	0.0876127	1
0.42	0.34	7.6	0.455935	0.0105349	2.14762	0.0771773	1
0.42	0.34	7.96667	0.343581	0.0101106	1.31624	0.0615649	1
0.42	0.34	8.33333	0.320323	0.0097166	1.11453	0.0560993	1
0.42	0.34	8.7	0.295226	0.00870524	0.890832	0.0444549	1
0.42	0.34	9.06667	0.278806	0.00851021	0.779019	0.0403034	1
0.42	0.34	9.43333	0.248129	0.0102702	0.612922	0.0432979	1.66173
0.42	0.34	9.8	0.258613	0.010243	0.621984	0.0420874	1.66245
0.42	0.34	10.1667	0.239968	0.0111671	0.503153	0.041603	2.45815
0.42	0.34	10.5333	0.222645	0.010453	0.430975	0.0351897	2.30509
0.42	0.34	10.9	0.203968	0.0120862	0.362667	0.0387566	3.12918
0.42	0.34	11.2667	0.205129	0.0111527	0.338078	0.0328757	3.20731
0.42	0.34	11.6333	0.195645	0.0144401	0.312299	0.041849	5.01291
0.42	0.34	12	0.192645	0.0157993	0.287937	0.0430362	6.54726
0.42	0.42	1	0.506226	0.00215563	16.0325	0.127962	1
0.42	0.42	1.36667	0.672129	0.00650544	21.4543	0.352388	1
0.42	0.42	1.73333	0.495161	0.00478671	9.17985	0.155701	1
0.42	0.42	2.1	0.0717419	0.0023844	0.23588	0.0132941	1
0.42	0.42	2.46667	0.101645	0.00400837	0.461594	0.0308719	1
0.42	0.42	2.83333	0.087129	0.00347418	0.298057	0.0234844	1
0.42	0.42	3.2	0.0965806	0.00317311	0.277893	0.0158457	1
0.42	0.42	3.56667	0.141	0.00668098	0.733548	0.0793534	1
0.42	0.42	3.93333	0.163645	0.0068103	0.787568	0.068181	1
0.42	0.42	4.3	0.147806	0.00591393	0.56711	0.0474419	1
0.42	0.42	4.66667	0.169258	0.00656925	0.667195	0.0479144	1
0.42	0.42	5.03333	0.178839	0.00637602	0.644306	0.0421616	1
0.42	0.42	5.4	0.167194	0.0059916	0.519319	0.0343252	1.03654
0.42	0.42	5.76667	0.173	0.00817813	0.507508	0.0442832	1.93464
0.42	0.42	6.13333	0.166645	0.00846553	0.448092	0.042757	2.16214
0.42	0.42	6.5	0.157194	0.00790425	0.37822	0.0358264	2.08984
0.42	0.42	6.86667	0.167903	0.00879304	0.395923	0.0382585	2.4456
0.42	0.42	7.23333	0.15	0.00795259	0.321536	0.0321249	2.10076
0.42	0.42	7.6	0.151129	0.0102052	0.29269	0.0352373	3.96849
0.42	0.42	7.96667	0.161871	0.0141227	0.307727	0.0509638	7.25168
0.42	0.42	8.33333	0.150903	0.0115304	0.249762	0.0334967	6.15416
0.42	0.42	8.7	0.161452	0.0161962	0.305769	0.0561629	7.75793
0.42	0.42	9.06667	0.142742	0.0114638	0.207455	0.0314369	6.31948
0.42	0.42	9.43333	0.148935	0.0144087	0.222421	0.0394981	8.89873
0.42	0.42	9.8	0.12971	0.011419	0.163549	0.0265965	7.04253
0.42	0.42	10.1667	0.144032	0.0174648	0.190139	0.0418187	14.614
0.42	0.42	10.5333	0.141226	0.0157309	0.174984	0.0352159	12.2241
0.42	0.42	10.9	0.137839	0.0203427	0.170558	0.0448495	17.9228
0.42	0.42	11.2667	0.144806	0.0192273	0.181077	0.0433891	15.4764
0.42	0.42	11.6333	0.110581	0.0130531	0.103129	0.0231206	10.5573
0.42	0.42	12	0.128161	0.0154432	0.126769	0.0277339	14.4686
0.42	0.5	1	0.551903	0.00348301	19.2611	0.237022	1
0.42	0.5	1.36667	0.125355	0.00355805	0.999983	0.0474003	1
0.42	0.5	1.73333	0.0966774	0.00383884	0.597877	0.0459815	1
0.42	0.5	2.1	0.0855806	0.00361077	0.408694	0.0371576	1
0.42	0.5	2.46667	0.106516	0.00373715	0.46053	0.0292007	1
0.42	0.5	2.83333	0.161323	0.00605954	0.971226	0.0677736	1
0.42	0.5	3.2	0.144581	0.00495929	0.643184	0.0432798	1
0.42	0.5	3.56667	0.164194	0.00565904	0.745467	0.0469701	1
0.42	0.5	3.93333	0.146968	0.00550169	0.529652	0.0354132	1.25804
0.42	0.5	4.3	0.141903	0.00660417	0.445347	0.0379316	2.02253
0.42	0.5	4.66667	0.150839	0.00757524	0.467598	0.0421027	2.15465
0.42	0.5	5.03333	0.138903	0.00958126	0.376739	0.0476475	4.0489
0.42	0.5	5.4	0.140548	0.00940481	0.340583	0.0411889	4.45238
0.42	0.5	5.76667	0.141548	0.0111143	0.333726	0.0468015	5.49409
0.42	0.5	6.13333	0.124935	0.0102032	0.257335	0.0382549	5.28057
0.42	0.5	6.5	0.133258	0.0112222	0.262184	0.0415035	6.32337
0.42	0.5	6.86667	0.134355	0.0126664	0.246011	0.0427294	8.32707
0.42	0.5	7.23333	0.135	0.0175353	0.236558	0.0543188	16.2596
0.42	0.5	7.6	0.139548	0.0144386	0.235247	0.0431779	10.6569
0.42	0.5	7.96667	0.126968	0.0177361	0.208967	0.0573527	14.4228
0.42	0.5	8.33333	0.120258	0.0158205	0.163552	0.0425971	14.7925
0.42	0.5	8.7	0.137129	0.0192365	0.19935	0.0485103	19.2638
0.42	0.5	9.06667	0.117645	0.0217599	0.155459	0.0531619	26.0897
0.42	0.5	9.43333	0.104774	0.0124788	0.107258	0.0219544	12.3339
0.42	0.5	9.8	0.116419	0.02082	0.13235	0.044083	27.7411
0.42	0.5	10.1667	0.124	0.0191489	0.144141	0.0399506	20.9609
0.42	0.5	10.5333	0.136	0.0248378	0.160247	0.0569046	28.7535
0.42	0.5	10.9	0.138097	0.0248523	0.161568	0.0591652	33.0776
0.42	0.5	11.2667	0.115839	0.0153085	0.118853	0.0316307	14.027
0.42	0.5	11.6333	0.114677	0.0186945	0.116274	0.0348039	19.3043
0.42	0.5	12	0.123806	0.0191372	0.116686	0.0325501	24.8141
0.5	0.1	1	1	0	72	0	1
0.5	0.1	1.36667	1	0	52.6829	9.53293e-16	1
0.5	0.1	1.73333	1	0	41.5385	0	1
0.5	0.1	2.1	1	0	34.2857	3.17764e-16	1
0.5	0.1	2.46667	1	0	29.1892	4.76647e-16	1
0.5	0.1	2.83333	1	0	25.4118	3.17764e-16	1
0.5	0.1	3.2	1	0	22.5	0	1
0.5	0.1	3.56667	1	0	20.1869	0	1
0.5	0.1	3.93333	1	0	18.3051	1.58882e-16	1
0.5	0.1	4.3	1	0	16.7442	1.58882e-16	1
0.5	0.1	4.66667	1	0	15.4286	3.17764e-16	1
0.5	0.1	5.03333	1	0	14.3046	1.58882e-16	1
0.5	0.1	5.4	1	0	13.3333	7.94411e-17	1
0.5	0.1	5.76667	1	0	12.4855	7.94411e-17	1
0.5	0.1	6.13333	1	0	11.7391	7.94411e-17	1
0.5	0.1	6.5	1	0	11.0769	0	1
0.5	0.1	6.86667	1	0	10.4854	7.94411e-17	1
0.5	0.1	7.23333	1	0	9.95392	0	1
0.5	0.1	7.6	1	0	9.47368	0	1
0.5	0.1	7.96667	1	0	9.03766	0	1
0.5	0.1	8.33333	1	0	8.64	0	1
0.5	0.1	8.7	1	0	8.27586	0	1
0.5	0.1	9.06667	1	0	7.94118	1.19162e-16	1
0.5	0.1	9.43333	1	0	7.63251	3.97205e-17	1
0.5	0.1	9.8	1	0	7.34694	7.94411e-17	1
0.5	0.1	10.1667	0.999972	3.92641e-05	7.08158	0.00054815	1
0.5	0.1	10.5333	1	0	6.83544	0	1
0.5	0.1	10.9	0.999972	3.92641e-05	6.60514	0.000511272	1
0.5	0.1	11.2667	1	0	6.39053	3.97205e-17	1
0.5	0.1	11.6333	0.999972	3.92641e-05	6.18877	0.000479043	1
0.5	0.1	12	0.999972	3.92641e-05	5.99967	0.000464405	1
0.5	0.18	1	1	0	72	0	1
0.5	0.18	1.36667	1	0	52.6829	9.53293e-16	1
0.5	0.18	1.73333	1	0	41.5385	0	1
0.5	0.18	2.1	1	0	34.2857	3.17764e-16	1
0.5	0.18	2.46667	1	0	29.1892	4.76647e-16	1
0.5	0.18	2.83333	1	0	25.4118	3.17764e-16	1
0.5	0.18	3.2	1	0	22.5	0	1
0.5	0.18	3.56667	1	0	20.1869	0	1
0.5	0.18	3.93333	1	0	18.3051	1.58882e-16	1
0.5	0.18	4.3	1	0	16.7442	1.58882e-16	1
0.5	0.18	4.66667	1	0	15.4286	3.17764e-16	1
0.5	0.18	5.03333	1	0	14.3046	1.58882e-16	1
0.5	0.18	5.4	1	0	13.3333	7.94411e-17	1
0.5	0.18	5.76667	1	0	12.4855	7.94411e-17	1
0.5	0.18	6.13333	0.999972	3.92641e-05	11.7385	0.000908619	1
0.5	0.18	6.5	0.999944	5.55e-05	11.0757	0.00121246	1
0.5	0.18	6.86667	0.999944	5.55e-05	10.4843	0.00114772	1
0.5	0.18	7.23333	0.999917	6.79392e-05	9.95228	0.00133353	1
0.5	0.18	7.6	0.999889	7.84101e-05	9.47161	0.00146503	1
0.5	0.18	7.96667	0.999778	0.000110666	9.03366	0.00254997	1
0.5	0.18	8.33333	0.999722	0.000123603	8.63523	0.0026106	1
0.5	0.18	8.7	0.999583	0.000151	8.26906	0.00246451	1
0.5	0.18	9.06667	0.999361	0.000186219	7.93117	0.00291154	1
0.5	0.18	9.43333	0.999333	0.000190127	7.62247	0.00286175	1
0.5	0.18	9.8	0.998833	0.000261277	7.33006	0.0037763	1
0.5	0.18	10.1667	0.998556	0.000275815	7.06179	0.00385222	1
0.5	0.18	10.5333	0.997944	0.000334544	6.80775	0.00450329	1
0.5	0.18	10.9	0.997528	0.000374905	6.57332	0.00500951	1
0.5	0.18	11.2667	0.997056	0.000413439	6.3535	0.00518682	1
0.5	0.18	11.6333	0.996111	0.000484959	6.1418	0.00588319	1
0.5	0.18	12	0.995333	0.000520826	5.94493	0.00621238	1
0.5	0.26	1	0.0833333	6.20634e-19	0.5	0	1
0.5	0.26	1.36667	1	0	52.6829	9.53293e-16	1
0.5	0.26	1.73333	0.843806	0.0150164	34.259	0.699599	1
0.5	0.26	2.1	0.940694	0.00945365	31.8717	0.384722	1
0.5	0.26	2.46667	1	0	29.1892	4.76647e-16	1
0.5	0.26	2.83333	1	0	25.4118	3.17764e-16	1
0.5	0.26	3.2	0.999972	3.92641e-05	22.4988	0.00174152	1
0.5	0.26	3.56667	0.999972	3.92641e-05	20.1858	0.00156249	1
0.5	0.26	3.93333	0.999944	5.55e-05	18.3031	0.00200364	1
0.5	0.26	4.3	0.999722	0.000123603	16.735	0.004081	1
0.5	0.26	4.66667	0.9995	0.00016516	15.4133	0.00573033	1
0.5	0.26	5.03333	0.998806	0.000252001	14.2709	0.00710936	1
0.5	0.26	5.4	0.998361	0.000297933	13.2903	0.00782705	1
0.5	0.26	5.76667	0.997278	0.000397515	12.4184	0.0107232	1
0.5	0.26	6.13333	0.996167	0.000442628	11.6505	0.0102308	1
0.5	0.26	6.5	0.994361	0.000592899	10.9539	0.0141275	1
0.5	0.26	6.86667	0.992167	0.000653193	10.324	0.0135262	1
0.5	0.26	7.23333	0.988611	0.000820174	9.73183	0.0159038	1
0.5	0.26	7.6	0.987556	0.000874269	9.24298	0.0160826	1
0.5	0.26	7.96667	0.984833	0.000909385	8.76933	0.015948	1
0.5	0.26	8.33333	0.978972	0.00115065	8.28611	0.019188	1
0.5	0.26	8.7	0.975111	0.00124424	7.87537	0.0199158	1
0.5	0.26	9.06667	0.969917	0.0014099	7.47845	0.0212936	1
0.5	0.26	9.43333	0.962139	0.00152613	7.07434	0.0221425	1
0.5	0.26	9.8	0.956583	0.00170332	6.73345	0.0234984	1
0.5	0.26	10.1667	0.949056	0.00182508	6.39036	0.0241242	1
0.5	0.26	10.5333	0.940806	0.00200379	6.06386	0.0252793	1
0.5	0.26	10.9	0.932194	0.00214466	5.75475	0.0265651	1
0.5	0.26	11.2667	0.919111	0.00246088	5.41785	0.0283083	1
0.5	0.26	11.6333	0.914361	0.00243119	5.19232	0.0274802	1
0.5	0.26	12	0.897778	0.00291325	4.86141	0.0302557	1
0.5	0.34	1	0.128222	0.000925083	1.21456	0.0147395	1
0.5	0.34	1.36667	0.281972	0.00128031	4.23191	0.0341979	1
0.5	0.34	1.73333	0.157417	0.00217665	1.12772	0.031272	1
0.5	0.34	2.1	0.200111	0.00407234	1.65725	0.059728	1
0.5	0.34	2.46667	0.135889	0.00177966	0.585223	0.0137552	1
0.5	0.34	2.83333	0.272889	0.00557871	2.28777	0.100322	1
0.5	0.34	3.2	0.190194	0.00282722	0.90382	0.0246706	1
0.5	0.34	3.56667	0.970611	0.00396408	19.1764	0.123912	1
0.5	0.34	3.93333	0.981806	0.00106572	17.6552	0.0381223	1
0.5	0.34	4.3	0.177917	0.00515036	0.752092	0.0365765	1
0.5	0.34	4.66667	0.959278	0.00180142	14.2225	0.0512928	1
0.5	0.34	5.03333	0.94725	0.00200031	12.8638	0.0526995	1
0.5	0.34	5.4	0.925639	0.00241927	11.4629	0.0581181	1
0.5	0.34	5.76667	0.905222	0.0028214	10.2805	0.0618849	1
0.5	0.34	6.13333	0.878083	0.003581	9.1264	0.0695916	1
0.5	0.34	6.5	0.853528	0.00342793	8.13339	0.0630517	1
0.5	0.34	6.86667	0.813861	0.00488061	7.07001	0.076871	1
0.5	0.34	7.23333	0.767	0.00583829	6.02308	0.0801524	1
0.5	0.34	7.6	0.614306	0.0111639	4.16486	0.107796	1
0.5	0.34	7.96667	0.600694	0.0103295	3.74323	0.0940969	1
0.5	0.34	8.33333	0.541806	0.0108413	3.04389	0.0885227	1
0.5	0.34	8.7	0.476472	0.0103339	2.31895	0.0785522	1
0.5	0.34	9.06667	0.397556	0.0104423	1.68806	0.0699308	1
0.5	0.34	9.43333	0.356222	0.00995011	1.34585	0.0583338	1
0.5	0.34	9.8	0.340861	0.00969787	1.19901	0.0547265	1
0.5	0.34	10.1667	0.299194	0.00907381	0.871435	0.0444012	1.22653
0.5	0.34	10.5333	0.255444	0.00874425	0.66615	0.0398702	1.17641
0.5	0.34	10.9	0.26175	0.00951646	0.661601	0.0420409	1.42529
0.5	0.34	11.2667	0.244556	0.00963182	0.549012	0.0367715	1.77483
0.5	0.34	11.6333	0.23275	0.0101231	0.488939	0.0369401	2.06078
0.5	0.34	12	0.214056	0.0101211	0.406259	0.0342847	2.3095
0.5	0.42	1	0.07075	0.00142497	0.4335	0.0157394	1
0.5	0.42	1.36667	0.0799167	0.00178379	0.420284	0.0148395	1
0.5	0.42	1.73333	0.105528	0.0027846	0.62362	0.0262944	1
0.5	0.42	2.1	0.134333	0.0021692	0.69936	0.0207063	1
0.5	0.42	2.46667	0.118528	0.00347338	0.586142	0.0280499	1
0.5	0.42	2.83333	0.0849444	0.00285737	0.287075	0.0176465	1
0.5	0.42	3.2	0.108444	0.00349841	0.402292	0.0234815	1
0.5	0.42	3.56667	0.105861	0.00350028	0.34989	0.0215018	1
0.5	0.42	3.93333	0.122889	0.00399966	0.422831	0.0246479	1
0.5	0.42	4.3	0.163222	0.00644045	0.793339	0.0617331	1
0.5	0.42	4.66667	0.160972	0.00619401	0.695593	0.054808	1
0.5	0.42	5.03333	0.167111	0.00639707	0.692066	0.0509353	1
0.5	0.42	5.4	0.162361	0.00582181	0.577414	0.0389761	1
0.5	0.42	5.76667	0.155028	0.00597286	0.522753	0.0387709	1
0.5	0.42	6.13333	0.17675	0.00617857	0.585833	0.0369717	1
0.5	0.42	6.5	0.193389	0.00636112	0.636796	0.0377248	1
0.5	0.42	6.86667	0.17175	0.00677377	0.49377	0.0350906	1.30376
0.5	0.42	7.23333	0.168861	0.00875545	0.452834	0.041938	2.25354
0.5	0.42	7.6	0.16025	0.00728562	0.382588	0.0319382	1.80295
0.5	0.42	7.96667	0.148028	0.00874551	0.308319	0.0342101	3.13388
0.5	0.42	8.33333	0.153889	0.0106632	0.322119	0.0402388	4.18013
0.5	0.42	8.7	0.141694	0.0103846	0.252985	0.0340125	5.13723
0.5	0.42	9.06667	0.158528	0.0130067	0.310106	0.0470662	6.00187
0.5	0.42	9.43333	0.139306	0.0144011	0.248348	0.0500307	7.85225
0.5	0.42	9.8	0.133139	0.0112762	0.206192	0.0305791	6.14053
0.5	0.42	10.1667	0.122611	0.00968764	0.163676	0.0265311	5.80373
0.5	0.42	10.5333	0.132778	0.0137298	0.185055	0.0373143	9.60347
0.5	0.42	10.9	0.133389	0.0125698	0.17537	0.028833	9.00248
0.5	0.42	11.2667	0.132889	0.0137972	0.168471	0.0317392	10.8498
0.5	0.42	11.6333	0.129611	0.0137866	0.164573	0.0315973	9.65817
0.5	0.42	12	0.122806	0.0130171	0.140297	0.0271649	9.87619
0.5	0.5	1	0.0309167	0.001616	0.162832	0.0139238	1
0.5	0.5	1.36667	0.0629167	0.00208418	0.322967	0.0181431	1
0.5	0.5	1.73333	0.107167	0.00280812	0.640832	0.0293091	1
0.5	0.5	2.1	0.0744722	0.00239252	0.288279	0.0164641	1
0.5	0.5	2.46667	0.139639	0.00486583	0.914699	0.061847	1
0.5	0.5	2.83333	0.10775	0.00390836	0.489085	0.0351989	1
0.5	0.5	3.2	0.14025	0.00547308	0.779497	0.0584068	1
0.5	0.5	3.56667	0.142806	0.00509586	0.673475	0.0478483	1
0.5	0.5	3.93333	0.153917	0.00547671	0.70783	0.0483108	1
0.5	0.5	4.3	0.151861	0.00524035	0.615451	0.038701	1
0.5	0.5	4.66667	0.160444	0.00589774	0.612609	0.0408838	1.23479
0.5	0.5	5.03333	0.160083	0.00693465	0.561016	0.0448878	1.75
0.5	0.5	5.4	0.125694	0.00619748	0.340903	0.0300202	1.9415
0.5	0.5	5.76667	0.142861	0.0111363	0.395277	0.0590474	5.49136
0.5	0.5	6.13333	0.132917	0.0109566	0.320311	0.0491715	6.07894
0.5	0.5	6.5	0.122833	0.00874987	0.267415	0.0350262	4.22152
0.5	0.5	6.86667	0.131861	0.0120553	0.294935	0.0517773	6.64649
0.5	0.5	7.23333	0.1275	0.0127092	0.265077	0.0532517	7.75896
0.5	0.5	7.6	0.117083	0.0100494	0.201129	0.0327179	6.65148
0.5	0.5	7.96667	0.132028	0.0226148	0.239114	0.0784539	26.0868
0.5	0.5	8.33333	0.131306	0.0179825	0.235392	0.0630093	16.0293
0.5	0.5	8.7	0.106944	0.0117177	0.146015	0.029531	10.2651
0.5	0.5	9.06667	0.1275	0.0156371	0.196735	0.0407274	13.7568
0.5	0.5	9.43333	0.110472	0.0142758	0.148346	0.0358945	13.6449
0.5	0.5	9.8	0.11725	0.024971	0.16083	0.0641015	38.2774
0.5	0.5	10.1667	0.107111	0.0146475	0.125275	0.0307112	17.1825
0.5	0.5	10.5333	0.113833	0.0320315	0.140727	0.0760716	67.1007
0.5	0.5	10.9	0.1065	0.0185901	0.117012	0.0377159	24.9647
0.5	0.5	11.2667	0.125944	0.0187787	0.145369	0.0407453	18.6862
0.5	0.5	11.6333	0.133611	0.0182361	0.158844	0.0384295	16.987
0.5	0.5	12	0.118361	0.0214064	0.124656	0.0398177	28.4943
