3.778294761867351917e+04
1.888412602250735063e+03
5.984080404070840586e+02
2.897599373459110552e+02
1.703681469172846050e+02
1.120243855657284229e+02
7.922617698446993018e+01
5.897606689416919323e+01
4.560286359933186873e+01
3.631168922079742600e+01
2.959568282231920477e+01
2.458418344459037996e+01
2.074564667715504029e+01
1.774066102697898017e+01
1.534425673409610269e+01
1.340254064344356522e+01
1.180735804658552723e+01
1.048089924617847046e+01
9.366027944240929770e+00
8.420023828235599694e+00
7.610428298484682053e+00
6.912222625331923886e+00
6.305871596758374942e+00
5.775942055583251467e+00
5.310111059927661081e+00
4.898442959507876004e+00
4.532855177539938829e+00
4.206718432916343176e+00
3.914554081966908683e+00
3.651802522468038159e+00
3.414644211811018959e+00
3.199860069331152523e+00
3.004721661036644065e+00
2.826904120406077858e+00
2.664416580433623949e+00
2.515546205063994289e+00
2.378812864503107249e+00
2.252932202340665047e+00
2.136785364640636065e+00
2.029394052211942245e+00
1.929899852512905856e+00
1.837547032274398973e+00
1.751668144088992740e+00
1.671671933079923011e+00
1.597033132979671421e+00
1.527283821632975380e+00
1.462006069387325580e+00
1.400825664011176253e+00
1.343406735676969666e+00
1.289447137432870205e+00
1.238674462197950632e+00
1.190842597983001516e+00
1.145728739792768014e+00
1.103130790305412834e+00
1.062865092576233295e+00
1.024764447165654735e+00
9.886763736332921937e-01
9.544615825768740791e-01
9.219926295712800313e-01
8.911527266738025199e-01
8.618346907636152965e-01
8.339400110025620982e-01
8.073780202427385255e-01
7.820651573468908602e-01
7.579243091978745683e-01
7.348842227085470302e-01
7.128789784487961079e-01
6.918475186192111215e-01
6.717332230519806879e-01
6.524835277344058770e-01
6.340495810501644014e-01
6.163859335357264602e-01
5.994502574688861385e-01
5.832030930555109904e-01
5.676076183697326138e-01
5.526294405405570709e-01
5.382364059716829852e-01
5.243984276373334641e-01
5.110873277204535103e-01
4.982766940551495161e-01
4.859417490065713330e-01
4.740592295718343840e-01
4.626072776177795332e-01
4.515653392878305472e-01
4.409140727129064463e-01
4.306352632520967783e-01
4.207117455690835839e-01
4.111273319214444610e-01
4.018667461030948629e-01
3.929155625362337201e-01
3.842601500590706598e-01
3.758876200001046719e-01
3.677857781694054418e-01
3.599430804328161981e-01
3.523485915667050050e-01
3.449919471193063636e-01
3.378633180301643946e-01
3.309533777820549694e-01
3.242532718803208258e-01
3.177545894730443021e-01
