2.899999999999999800e-03
1.297171717171717066e-02
2.304343434343434152e-02
3.311515151515151412e-02
4.318686868686868324e-02
5.325858585858585237e-02
6.333030303030302843e-02
7.340202020202019062e-02
8.347373737373736668e-02
9.354545454545454275e-02
1.036171717171717049e-01
1.136888888888888810e-01
1.237606060606060571e-01
1.338323232323232470e-01
1.439040404040403676e-01
1.539757575757575436e-01
1.640474747474747197e-01
1.741191919191918958e-01
1.841909090909090718e-01
1.942626262626262479e-01
2.043343434343434240e-01
2.144060606060606000e-01
2.244777777777777761e-01
2.345494949494949521e-01
2.446212121212121282e-01
2.546929292929293043e-01
2.647646464646464803e-01
2.748363636363636009e-01
2.849080808080807770e-01
2.949797979797979530e-01
3.050515151515151291e-01
3.151232323232323052e-01
3.251949494949494812e-01
3.352666666666666573e-01
3.453383838383838333e-01
3.554101010101010094e-01
3.654818181818181855e-01
3.755535353535353615e-01
3.856252525252524821e-01
3.956969696969696582e-01
4.057686868686868342e-01
4.158404040404040103e-01
4.259121212121211864e-01
4.359838383838383624e-01
4.460555555555555385e-01
4.561272727272727145e-01
4.661989898989898906e-01
4.762707070707070667e-01
4.863424242424242427e-01
4.964141414141413633e-01
5.064858585858585949e-01
5.165575757575757709e-01
5.266292929292929470e-01
5.367010101010101231e-01
5.467727272727271881e-01
5.568444444444443642e-01
5.669161616161615402e-01
5.769878787878787163e-01
5.870595959595958924e-01
5.971313131313130684e-01
6.072030303030302445e-01
6.172747474747474206e-01
6.273464646464645966e-01
6.374181818181817727e-01
6.474898989898989488e-01
6.575616161616161248e-01
6.676333333333333009e-01
6.777050505050504769e-01
6.877767676767676530e-01
6.978484848484848291e-01
7.079202020202020051e-01
7.179919191919191812e-01
7.280636363636363573e-01
7.381353535353535333e-01
7.482070707070707094e-01
7.582787878787877744e-01
7.683505050505049505e-01
7.784222222222221266e-01
7.884939393939393026e-01
7.985656565656564787e-01
8.086373737373736548e-01
8.187090909090908308e-01
8.287808080808080069e-01
8.388525252525251830e-01
8.489242424242423590e-01
8.589959595959595351e-01
8.690676767676767112e-01
8.791393939393938872e-01
8.892111111111110633e-01
8.992828282828282394e-01
9.093545454545454154e-01
9.194262626262625915e-01
9.294979797979797675e-01
9.395696969696969436e-01
9.496414141414141197e-01
9.597131313131312957e-01
9.697848484848484718e-01
9.798565656565655368e-01
9.899282828282827129e-01
1.000000000000000000e+00
